"date" "athletes" "maleAthletes" "femaleAthletes" "maleSpeedMean" "maleSpeedSD" "femaleSpeedMean" "femaleSpeedSD" "extraTime"
"229" "2019-02-16" 117 66 41 3.26861607925923 0.518284041820932 2.92925334233799 0.490113378112846 NA
"228" "2019-01-26" 83 46 32 3.1727965035659 0.532232595478477 2.6644534273096 0.378009424670997 NA
"227" "2019-01-12" 104 50 47 3.15141956688883 0.581511699574189 2.68272661195848 0.428647074534167 NA
"226" "2019-01-05" 71 42 25 3.23846722427819 0.536824952864632 2.54805088395605 0.43449605625169 NA
"225" "2018-12-29" 109 58 42 3.14148256673703 0.530044168363293 2.6512828113572 0.552054341532464 NA
"224" "2018-12-22" 83 45 33 3.1325914754738 0.544236665109812 2.78913730123162 0.515834555643038 NA
"223" "2018-12-15" 69 32 33 3.37828015293093 0.582666531887762 2.72690635290872 0.355679110600034 NA
"222" "2018-12-08" 56 37 17 3.15268934259188 0.541907758409673 2.68837476080882 0.489309081270662 NA
"221" "2018-12-01" 89 43 41 3.35600084797378 0.485827535079476 2.7358533970378 0.442821310269847 NA
"220" "2018-11-24" 80 48 29 3.31409518870251 0.544467651083179 2.79438424310401 0.409117550506092 NA
"219" "2018-11-17" 61 32 23 3.13025792589423 0.558703283607192 2.4741995554918 0.503757296924867 NA
"218" "2018-11-10" 75 41 30 3.20050306330783 0.74757368633119 2.61881324905972 0.544813886298175 NA
"217" "2018-11-03" 92 43 44 3.00149321066277 0.54541985773541 2.59493786831633 0.479810246209772 NA
"216" "2018-10-27" 38 22 15 3.07841227147941 0.652010829781244 2.60250856136478 0.527932382000531 NA
"215" "2018-10-20" 95 57 33 3.17143326033821 0.714089106519807 2.68403568451312 0.435216117479895 NA
"214" "2018-10-06" 62 29 27 3.26952086345974 0.492436539577288 2.47565192276114 0.508186972527443 NA
"213" "2018-09-29" 69 35 29 3.23179243709866 0.526192928333691 2.56237369447103 0.355318494683792 NA
"212" "2018-09-22" 89 48 38 3.16932724054071 0.601657950604568 2.6125148959396 0.486630782315712 NA
"211" "2018-09-15" 79 40 33 3.37193081614603 0.660192097026902 2.71252023050563 0.504243053983071 NA
"210" "2018-09-08" 66 34 28 3.37969039835974 0.618224412514191 2.51596081709625 0.588206716900183 NA
"209" "2018-09-01" 77 46 26 3.31406816036122 0.473112188564275 2.60389476947163 0.551835687669468 NA
"208" "2018-08-25" 97 52 42 3.22194288272032 0.615829604710776 2.72484708787503 0.39990229689444 NA
"207" "2018-08-18" 66 37 22 3.28942333069157 0.506823443086686 2.58798346470038 0.369958206029518 NA
"206" "2018-08-11" 56 38 15 3.33252047395999 0.611925624650927 2.60600610388874 0.36139622725391 NA
"205" "2018-08-04" 76 42 32 3.20665216137209 0.429877615868084 2.74069112396643 0.431371561483076 NA
"204" "2018-07-28" 105 52 42 3.17436948960386 0.651239706911393 2.58922829781865 0.373451429502831 NA
"203" "2018-07-21" 83 42 40 3.32871131695829 0.566051102663575 2.69531120745128 0.415329271301398 NA
"202" "2018-07-14" 110 67 37 3.19396759885983 0.526468337835705 2.63126684805159 0.473703579641832 NA
"201" "2018-07-07" 97 55 36 3.09387168607975 0.552749046241424 2.58680825540223 0.4427112762027 NA
"200" "2018-06-30" 83 39 39 3.1118283965326 0.424865546039346 2.61608698558978 0.381413497439947 NA
"199" "2018-06-23" 69 40 28 3.28388242692666 0.507556464721142 2.68405554556743 0.409966015312196 NA
"198" "2018-06-16" 71 36 32 3.17739672189754 0.513102698165205 2.601351488441 0.324289169318747 NA
"197" "2018-06-09" 64 39 23 3.20845822940024 0.505698363172077 2.64444608528077 0.648278408727493 NA
"196" "2018-06-02" 91 54 35 3.23715687647369 0.523586117333136 2.50319513460671 0.368264453373927 NA
"195" "2018-05-26" 90 49 36 3.19459212614589 0.560551955593661 2.59942365162242 0.379556962286131 NA
"194" "2018-05-19" 83 44 37 3.32260486006759 0.490291610503481 2.59926764082377 0.308724379439702 NA
"193" "2018-05-12" 85 49 30 3.28831658733892 0.587976392853814 2.70343629824737 0.311856933072994 NA
"192" "2018-05-05" 63 28 28 3.30086084648743 0.461621917965988 2.60467542326407 0.411131941837934 NA
"191" "2018-04-28" 96 46 43 3.31338996856095 0.498843614224246 2.5642477662904 0.421786401023955 NA
"190" "2018-04-21" 89 49 40 3.22030065524118 0.590775084855801 2.6379921377654 0.44061513780063 NA
"189" "2018-04-14" 95 58 34 3.19409567671365 0.564995005981858 2.55071624628291 0.338141172074613 NA
"188" "2018-04-07" 54 30 19 3.11261817689937 0.560169178273823 2.5789631652026 0.262416914326399 NA
"187" "2018-03-24" 80 39 39 3.23422159012081 0.532006249372763 2.580335892444 0.418690807980447 NA
"186" "2018-03-17" 59 32 23 3.07170009031591 0.492277451381656 2.62313113301155 0.480208114703117 NA
"185" "2018-03-10" 63 39 23 3.19380924285144 0.545924867614815 2.71841384021894 0.4135791404305 NA
"184" "2018-02-24" 72 27 42 3.07538494410046 0.751995073990655 2.68022832941323 0.492582522357918 NA
"183" "2018-02-17" 86 48 32 3.1610941303282 0.709231657483375 2.58619359901884 0.4453103981755 NA
"182" "2018-02-10" 88 54 28 3.05163631551844 0.534797964253004 2.68682414162439 0.418317502497903 NA
"181" "2018-02-03" 53 36 16 3.23935237130683 0.555597208200551 2.60064636897104 0.495706957184281 NA
"180" "2018-01-27" 65 30 28 2.96141982954123 0.584373686333363 2.50494929503395 0.42396284013735 NA
"179" "2018-01-13" 93 50 39 3.20466053899345 0.665960546054363 2.70276667849322 0.443676498753601 NA
"178" "2018-01-06" 49 28 18 3.16175838782024 0.422863555063036 2.61530557197772 0.523230114668813 NA
"177" "2017-12-23" 76 33 40 3.19963615011658 0.633940321433505 2.6077915664674 0.461657412720402 NA
"176" "2017-12-16" 79 47 31 3.28627248894841 0.494885456570682 2.83912141629327 0.487054371708645 NA
"175" "2017-12-09" 58 33 23 3.22523724195727 0.531133455459213 2.67895644116139 0.385961871281203 NA
"174" "2017-12-02" 79 47 29 3.29971815631891 0.452966257799088 2.74073821095438 0.412275057267513 NA
"173" "2017-11-25" 80 47 32 3.35923346223103 0.595021712363108 2.7722751510626 0.449955833612014 NA
"172" "2017-11-18" 71 43 24 3.15176756251586 0.604782248447318 2.51289373180273 0.494891226495614 NA
"171" "2017-11-11" 82 43 38 3.07990367967461 0.493240447713019 2.47135270764963 0.390344829128189 NA
"170" "2017-11-04" 139 74 63 3.15943565056299 0.603124304757513 2.4999975659034 0.422268737677372 NA
"169" "2017-10-28" 89 53 33 3.3568647008872 0.581236441694073 2.77089117756043 0.433162363663341 NA
"168" "2017-10-21" 70 41 25 3.26064000134327 0.583217658688068 2.60078707195593 0.567463468877643 NA
"167" "2017-10-14" 88 47 37 3.34590256323877 0.485440619494841 2.60966075496848 0.422936659637073 NA
"166" "2017-10-07" 77 36 39 3.19540568067404 0.584030005057901 2.52763441686647 0.45832674305971 NA
"165" "2017-09-30" 80 44 31 3.15691819406749 0.485979376489253 2.62424713177517 0.443303026183952 NA
"164" "2017-09-23" 165 64 90 3.19870243033953 0.517495495960348 2.54432429869344 0.472480420373363 NA
"163" "2017-09-16" 109 57 45 3.10413187344807 0.590860667494419 2.54540030536717 0.480267368254805 NA
"162" "2017-09-09" 52 31 19 3.13583609429068 0.625048104618313 2.52899568633221 0.524681026049963 NA
"161" "2017-09-02" 59 31 26 3.2566981667938 0.565818751374224 2.66449558248488 0.474089838347276 NA
"160" "2017-08-19" 63 33 25 3.18122511843898 0.541611163548514 2.60112577067222 0.399764110267787 NA
"159" "2017-08-12" 49 30 15 3.38332918806431 0.448654027820095 2.72369705613535 0.33997989470372 NA
"158" "2017-08-05" 65 36 25 2.88468396002046 0.590852340862964 2.6107938680593 0.46743360002295 NA
"157" "2017-07-29" 53 30 22 3.07748326931725 0.524828216125138 2.56125338488311 0.439130936843992 NA
"156" "2017-07-22" 62 41 18 3.32503152307808 0.545514476444814 2.93648315450371 0.493534862942486 NA
"155" "2017-07-15" 76 46 28 3.12873493588399 0.456883748256088 2.81882751272238 0.32994751565679 NA
"154" "2017-07-08" 73 46 23 3.32913166896409 0.582072347373303 2.57413811995561 0.351390351544635 NA
"153" "2017-07-01" 69 30 35 3.09166958458719 0.558663353847167 2.52071292289964 0.416443110405308 NA
"152" "2017-06-24" 98 53 41 3.16269130142834 0.539153123945099 2.62086661225052 0.340667537701677 NA
"151" "2017-06-17" 66 33 31 3.3011285100628 0.456827706546562 2.74782746521044 0.454210316540403 NA
"150" "2017-06-10" 21 13 7 3.24095937009969 0.494068794990084 2.69525003247555 0.291608655448533 NA
"149" "2017-06-03" 63 36 25 3.02849383508959 0.680572534621395 2.74052991952634 0.360454872300314 NA
"148" "2017-05-20" 69 39 25 3.30031470278694 0.545834013188638 2.75341972885982 0.42389847869672 NA
"147" "2017-05-13" 76 46 27 3.17672709583131 0.554934669418323 2.65817571949715 0.503150482626593 NA
"146" "2017-05-06" 71 35 34 3.2052235579519 0.527695313060679 2.81527171524233 0.511060678647666 NA
"145" "2017-04-29" 76 43 32 3.30142864245831 0.460817849455735 2.78496979876447 0.430265163595159 NA
"144" "2017-04-22" 105 58 43 3.37235408953432 0.555835364719951 2.8677246691404 0.420691409563452 NA
"143" "2017-04-08" 54 30 17 3.11929278913821 0.57914111723484 2.70731141054334 0.371050303476801 NA
"142" "2017-04-01" 100 66 31 3.36681552152412 0.581977394699686 2.82838080158082 0.376585362445464 NA
"141" "2017-03-25" 82 42 36 3.43292892072759 0.469983810810942 2.8451946671589 0.352880791113888 NA
"140" "2017-03-18" 49 29 18 3.28097382650562 0.440799343282388 2.68167597146211 0.439086340943656 NA
"139" "2017-03-11" 52 33 18 3.30172100591235 0.634492282331913 2.65245644307551 0.516131850835347 NA
"138" "2017-03-04" 78 53 25 2.99460329894589 0.52455924325698 2.53121451579775 0.498490646976474 NA
"137" "2017-02-25" 87 51 30 3.16457017728813 0.533634137010623 2.68314143885715 0.410236907809919 NA
"136" "2017-02-18" 78 40 38 3.17385963250971 0.446262427658665 2.73714701718595 0.300564209222897 NA
"135" "2017-02-11" 49 29 17 3.15593490509497 0.357326129159679 2.65179672839109 0.338017380106306 NA
"134" "2017-02-04" 69 41 24 3.20202106349685 0.51874081910409 2.9010408778203 0.482959230100773 NA
"133" "2017-01-28" 40 27 13 3.16865158690484 0.49768768929737 2.85726279275094 0.433464845141592 NA
"132" "2017-01-21" 65 38 26 3.22142724758721 0.461817754156272 2.78785092216999 0.446555209705598 NA
"131" "2017-01-14" 90 53 32 3.22377292199766 0.508338157534132 2.64723612084848 0.468583485658759 NA
"130" "2017-01-07" 48 29 17 3.17689778668671 0.510314735746594 2.70660483707607 0.286979115108724 NA
"129" "2016-12-31" 80 43 28 3.16350417953022 0.437228278103257 2.81144066815687 0.449720453723701 NA
"128" "2016-12-17" 60 34 22 3.23649438544667 0.534690402354486 2.77366244761422 0.431696364119714 NA
"127" "2016-12-10" 34 23 11 3.37829767705796 0.418568208652596 2.78198077323268 0.289144796722351 NA
"126" "2016-12-03" 48 30 14 3.3297317435594 0.493416443476221 2.97629061010306 0.495403096480617 NA
"125" "2016-11-26" 49 34 12 3.24729015981078 0.474440819799123 2.75337440980326 0.425030669438885 NA
"124" "2016-11-19" 44 24 16 3.09430219195742 0.529864849056255 2.63900228507377 0.248621745364374 NA
"123" "2016-11-12" 65 31 34 3.30751852085757 0.444797178803802 2.76760208722111 0.451559012999866 NA
"122" "2016-11-05" 74 42 28 3.20498969780069 0.545393546715703 2.67626302919442 0.436794515383354 NA
"121" "2016-10-29" 74 52 20 3.21745036135155 0.573661866132708 2.925773861273 0.326813600520426 NA
"120" "2016-10-22" 67 38 27 3.29504093739694 0.515235486569334 2.67288158571785 0.351028932524014 NA
"119" "2016-10-15" 71 45 26 3.19080272079694 0.50076619637894 2.68665576492786 0.329291399400129 NA
"118" "2016-10-08" 75 40 30 3.34459396297741 0.577026316225908 2.63896757127497 0.430367048640441 NA
"117" "2016-10-01" 67 40 26 3.13899099275625 0.577243201626661 2.63682708427366 0.379979492015985 NA
"116" "2016-09-24" 89 51 31 3.22998987459701 0.625689001865539 2.77281415380847 0.382524340821101 NA
"115" "2016-09-17" 109 62 43 3.14667845709407 0.507568802888835 2.62390329548569 0.380182898501057 NA
"114" "2016-09-10" 51 23 23 3.38701009336877 0.603767465846397 2.66214737015445 0.524692566827723 NA
"113" "2016-08-20" 96 42 18 3.22204847412387 0.545873095503787 2.53981749663709 0.319768864602907 NA
"112" "2016-08-13" 64 45 18 3.53649811608089 0.583950089976879 2.77716096179373 0.512755481903609 NA
"111" "2016-08-06" 106 58 44 3.24160499414819 0.536571405992875 2.64160752034351 0.458688442594266 NA
"110" "2016-07-30" 89 42 44 3.35434679759939 0.511808111274351 2.65161124345928 0.34585887040314 NA
"109" "2016-07-23" 94 46 45 3.37417188423041 0.475509672341237 2.61635622743442 0.461096105473856 NA
"108" "2016-07-16" 84 48 30 3.14257285833253 0.478209715021529 2.55863639875141 0.360603752652398 NA
"107" "2016-07-09" 79 53 23 3.26567732824111 0.603689243198374 2.76945532934619 0.339883457664405 NA
"106" "2016-07-02" 70 45 25 3.28287119184974 0.425527096131076 2.74596867829318 0.511291476651226 NA
"105" "2016-06-25" 93 55 33 3.25392131169686 0.464698204450264 2.80611518143258 0.314127841903133 NA
"104" "2016-06-18" 77 36 36 3.06622085494269 0.467474883099031 2.86123092905898 0.418226459956449 NA
"103" "2016-06-11" 44 28 14 1.38927479855515 0 1.38927479855515 0 NA
"102" "2016-06-04" 62 36 23 3.08895361626009 0.598088810352173 2.82231125959777 0.590541802165883 NA
"101" "2016-05-21" 55 26 11 3.24303400449407 0.498577629677457 2.66476824661654 0.358351848742484 NA
"100" "2016-05-14" 93 53 37 3.18975281571029 0.508246300058302 2.8221144774865 0.391197956705373 NA
"99" "2016-05-07" 65 35 25 3.17904359632855 0.473292123309291 2.70261205474495 0.451031849891921 NA
"98" "2016-04-30" 69 42 23 3.24838524449912 0.558466216316173 2.81170176997142 0.479306263913346 NA
"97" "2016-04-23" 51 31 19 3.23554114826143 0.497296958127944 2.80157986087184 0.370341315511523 NA
"96" "2016-04-09" 54 24 24 3.38139575941657 0.446705313805692 2.71019801761738 0.419555457779255 NA
"95" "2016-04-02" 90 50 35 3.14342683503607 0.453604837139623 2.78884589200506 0.419328737818724 NA
"94" "2016-03-26" 64 37 21 3.24422282537793 0.545565208553252 2.7409287886609 0.417194861485828 NA
"93" "2016-03-19" 57 34 21 3.21520357283864 0.5791965475757 2.69832316435774 0.520633919583306 NA
"92" "2016-03-12" 77 42 30 3.1184626482697 0.600280552452586 2.64841545457298 0.353866663995289 NA
"91" "2016-03-05" 72 47 24 3.26313364396844 0.524305842835264 2.58363766183568 0.320991859084142 NA
"90" "2016-02-27" 90 42 43 3.18255107096329 0.467829981914739 2.68389627325345 0.451714349356095 NA
"89" "2016-02-20" 83 41 35 3.24449508877241 0.586693231624341 2.75646874432546 0.378084313691452 NA
"88" "2016-02-13" 46 31 15 3.31947736970598 0.568678713157256 2.82596991371738 0.327470258258725 NA
"87" "2016-02-06" 67 32 32 3.20406505757357 0.59470511921791 2.86285958746538 0.392110175502673 NA
"86" "2016-01-30" 59 35 21 3.23097039986473 0.502928973693285 2.90388105578158 0.369681158442804 NA
"85" "2016-01-23" 70 39 24 3.4005576077075 0.585391364094065 2.95410718960456 0.302507716418505 NA
"84" "2016-01-16" 103 51 46 3.33866230522104 0.521401029351885 2.69533050063308 0.403290525810469 NA
"83" "2016-01-02" 53 30 21 3.27149503324849 0.456522233801556 2.69575444775414 0.531759009659298 NA
"82" "2015-12-26" 54 28 21 3.42309875341586 0.495494831634571 2.89274053511275 0.434347853048263 NA
"81" "2015-12-19" 21 13 6 3.09986304666032 0.473123707493188 2.8206382080955 0.347434399722101 NA
"80" "2015-12-12" 36 23 11 3.40562399410292 0.506038196786692 2.63335337357097 0.383044188020082 NA
"79" "2015-11-28" 53 25 25 3.3146580224976 0.395408176958395 2.74616161679168 0.412478489597278 NA
"78" "2015-11-21" 32 20 12 3.47409163513812 0.482489089792872 2.58347599134915 0.499448996833698 NA
"77" "2015-11-14" 64 36 26 3.30210164963609 0.52120706601806 2.72596353338075 0.459884588356023 NA
"76" "2015-11-07" 66 37 23 3.22373688511927 0.611321299304276 2.80179777433574 0.262831056256768 NA
"75" "2015-10-31" 78 44 26 3.25460651989502 0.535117219021588 2.89163097861338 0.308185437708501 NA
"74" "2015-10-24" 74 44 22 3.3001894690938 0.519832284738955 2.61661161766188 0.523043889821091 NA
"73" "2015-10-17" 56 24 26 3.2240317744887 0.486586860961409 2.75122881668048 0.429768746528865 NA
"72" "2015-10-10" 76 38 30 3.21681056331913 0.441300845359061 2.86792353858609 0.3540448961326 NA
"71" "2015-10-03" 60 32 22 3.25836701476754 0.605805106198949 2.64442884239601 0.394869832432177 NA
"70" "2015-09-26" 52 30 20 3.1461284404331 0.415135179536553 2.58552683707465 0.38871703149742 NA
"69" "2015-09-19" 69 38 26 3.38326231232633 0.471666408200416 2.7974817681477 0.446893502486101 NA
"68" "2015-09-12" 24 13 10 3.13485476755174 0.626956329991228 2.51620369061387 0.351898748829474 NA
"67" "2015-09-05" 54 28 23 3.26003062301179 0.487337316195985 2.71102462949289 0.373804780139221 NA
"66" "2015-08-29" 78 46 30 3.32621153946282 0.506319653974701 2.80706760368414 0.485980791748493 NA
"65" "2015-08-15" 46 25 18 3.38142115850937 0.531317341343287 2.72089706843336 0.406464500962471 NA
"64" "2015-08-08" 54 29 24 3.1209633565393 0.523833043530448 2.79276431038222 0.51949508978009 NA
"63" "2015-08-01" 63 30 30 3.25079406772603 0.571350682531595 2.70795363905079 0.406947633571356 NA
"62" "2015-07-25" 49 31 18 3.19549696660118 0.477966071722525 2.61836451762022 0.56186361092317 NA
"61" "2015-07-18" 49 31 18 3.12369179663765 0.55228538513123 2.59695600699382 0.611626296323673 NA
"60" "2015-07-11" 55 27 26 3.45305536876886 0.59612436556362 2.66473382760974 0.590411175079246 NA
"59" "2015-07-04" 41 25 13 3.36154286015667 0.419328434853957 2.85734870523167 0.35061997301015 NA
"58" "2015-06-27" 67 44 22 3.14007572228289 0.505297812445887 2.71105652706707 0.624621218045309 NA
"57" "2015-06-20" 113 62 49 3.3274470903891 0.545550542294699 2.81494920173858 0.465244971920627 NA
"56" "2015-06-13" 33 17 16 3.21159308516387 0.643804220346545 2.66767993540579 0.573750969214623 NA
"55" "2015-06-06" 39 27 11 3.23783772365886 0.52334735228627 2.79385498135719 0.469896398431799 NA
"54" "2015-05-30" 68 47 20 3.23624075843462 0.519577348078565 2.74887421034218 0.469762918344532 NA
"53" "2015-05-16" 76 45 30 3.32698435142545 0.53449929278504 2.8181970817913 0.439109642039944 NA
"52" "2015-05-09" 38 27 10 3.33115890483968 0.597918851170175 2.59380975385385 0.443205734555247 NA
"51" "2015-05-02" 42 25 16 3.07894684475141 0.481205595207278 2.80543654489061 0.477144091620416 NA
"50" "2015-04-25" 44 27 14 3.36273970013978 0.608695547639734 2.54314075306115 0.323362162587618 NA
"49" "2015-04-18" 41 25 15 3.34426258665501 0.604194389087916 2.78698527175482 0.313333843141798 NA
"48" "2015-04-11" 40 25 12 3.28512567728837 0.509388051745446 2.88299240409692 0.473190588477685 NA
"47" "2015-04-04" 62 33 25 3.12688516404157 0.520485547063535 2.80721037746113 0.455260819665062 NA
"46" "2015-03-28" 41 22 16 3.22088452260551 0.623007082879894 2.55191716891499 0.333279638051633 NA
"45" "2015-03-21" 34 22 12 3.22065980686675 0.533766183357885 2.71354504302736 0.657513753519399 NA
"44" "2015-03-14" 30 20 10 3.05016922852036 0.735152527115989 2.2459846861966 0.417001922147785 NA
"43" "2015-03-07" 48 26 20 3.38685247479831 0.589664352326734 2.80481697353929 0.529997468078241 NA
"42" "2015-02-28" 68 44 22 3.41928861557973 0.599988523477108 2.5876668649744 0.528161067426088 NA
"41" "2015-02-21" 65 34 28 3.46102197053325 0.553390802308322 2.82558951961667 0.53797197633344 NA
"40" "2015-02-14" 61 30 28 3.0927230136584 0.839804689937732 2.63148496276021 0.486319310959824 NA
"39" "2014-12-06" 44 29 13 3.19998753756475 0.629642224738917 2.60996095015912 0.423399357953295 NA
"38" "2014-11-29" 34 24 9 3.18037564821798 0.555980565469742 2.57121086733141 0.402194297527289 NA
"37" "2014-11-22" 50 32 14 3.10788351380624 0.60864345654917 2.68369681167248 0.604915019338544 NA
"36" "2014-11-08" 63 38 24 3.07800493446485 0.42991034319567 2.73382883663908 0.435789203232581 NA
"35" "2014-11-01" 46 24 19 3.33325538675541 0.558830769925209 2.82805295596259 0.503953376595522 NA
"34" "2014-10-25" 50 27 18 3.26101001197085 0.636489599700119 2.74593722604317 0.430761237932387 NA
"33" "2014-10-18" 45 33 11 3.0681917631439 0.590092044260278 2.66000194961237 0.358664426963637 NA
"32" "2014-10-11" 50 25 20 3.28124573549651 0.47320058703134 2.72483896564409 0.47810142227696 NA
"31" "2014-10-04" 31 18 11 3.07085884409545 0.412651086283634 2.82910275601268 0.657885668784632 NA
"30" "2014-09-27" 62 39 21 3.38952850055406 0.669619044508413 2.61002482011011 0.63562414834809 NA
"29" "2014-09-20" 49 29 17 3.36304070353908 0.621126742059568 2.86497712723312 0.482525568371414 NA
"28" "2014-09-13" 64 35 29 3.26603525205102 0.581086886545503 2.78557382725714 0.541987695312953 NA
"27" "2014-09-06" 37 23 14 3.36525188574718 0.71905508313863 2.70063367343016 0.489737913101305 NA
"26" "2014-08-30" 45 29 12 3.24561570407083 0.690555554793828 2.68278569326338 0.538827598496712 NA
"25" "2014-08-23" 44 31 10 3.27154451153709 0.562715746650282 2.78500516803923 0.540812874555435 NA
"24" "2014-08-16" 31 20 8 3.32513255052261 0.684491393091512 2.97611969239841 0.570589314129925 NA
"23" "2014-08-02" 61 39 19 3.26436249222354 0.597312276890197 2.81331476353893 0.575553147254839 NA
"22" "2014-07-26" 47 28 18 3.43041483072882 0.428711287291419 2.89422318588943 0.464467387436402 NA
"21" "2014-07-19" 27 19 8 3.44016200618942 0.608552134275022 2.88463606016035 0.499790293295691 NA
"20" "2014-07-12" 41 28 12 3.38487457825962 0.603516863813959 2.83519440297399 0.443896803615665 NA
"19" "2014-07-05" 64 39 22 3.25682511647413 0.472006344726725 2.67105125715758 0.576961782075806 NA
"18" "2014-06-28" 74 43 23 3.29229016107262 0.535078860080116 2.74161932711077 0.400454472351864 NA
"17" "2014-06-21" 75 39 33 3.37920112826486 0.480501230746939 2.76253837325562 0.349533723604992 NA
"16" "2014-06-14" 39 25 14 3.13159541619016 0.654560017841967 2.77111055224687 0.449969990064301 NA
"15" "2014-06-07" 47 26 19 3.28357665309915 0.534921300462309 2.85791172423857 0.407181591240246 NA
"14" "2014-05-31" 41 25 15 3.22025542186971 0.601868826828314 2.68409748637713 0.645971745201396 NA
"13" "2014-05-17" 65 36 25 3.12464721382887 0.706522742251332 2.68162455485333 0.432921992801939 NA
"12" "2014-05-10" 40 19 19 3.13733312688932 0.546082240878847 2.76006315774357 0.484227861287937 NA
"11" "2014-05-03" 45 28 13 3.57516066979099 0.753594273405294 2.8463732989471 0.393380133373168 NA
"10" "2014-04-26" 62 38 23 3.21776227615768 0.59799505308694 2.87753382171748 0.494319461328925 NA
"9" "2014-04-19" 44 26 15 3.32287100193279 0.673658826077335 2.6100627218463 0.571703556160213 NA
"8" "2014-04-12" 71 43 27 3.27610837439406 0.593568677429016 2.8155684134516 0.442810186971887 NA
"7" "2014-04-05" 50 28 22 3.3280658824482 0.607853319342861 2.81539195200799 0.391018501212531 NA
"6" "2014-03-29" 59 40 18 3.3912607776904 0.590762891259421 2.81460263801136 0.385114049867136 NA
"5" "2014-03-22" 62 34 23 3.09226008755891 0.565460910108591 2.7407772028805 0.36475055087473 NA
"4" "2014-03-15" 88 49 35 3.29411342062224 0.651264777735003 2.72807483287505 0.476946060776154 NA
"3" "2014-03-08" 64 42 18 3.38558777035777 0.541074492180011 2.88433147056436 0.454710716374437 NA
"2" "2014-03-01" 48 28 19 3.04268287508395 0.518732089196133 2.73484313937286 0.352312067371052 NA
"1" "2014-02-22" NA NA NA NA NA NA NA NA
"230" "2019-02-23" 126 66 52 3.08275404802524 0.675895398113439 2.67487483626149 0.419964331444533 NA
"231" "2019-03-02" 62 30 25 3.12262121286184 0.413384190645083 2.4755566014691 0.350181742862913 NA
"232" "2019-03-09" 100 46 50 3.25655220189347 0.65164356943997 2.72429934924771 0.494078649164869 NA
"233" "2019-03-16" 45 27 18 3.35325317953241 0.52729775871358 2.72453286375561 0.393280716525613 NA
"234" "2019-03-23" 106 70 33 3.25107206352126 0.458598741032841 2.56522267605988 0.479840703913516 NA
"235" "2019-03-30" 102 56 42 3.36938717069219 0.543907887062481 2.55405595634796 0.421401896363171 NA
