"date" "athletes" "maleAthletes" "femaleAthletes" "maleSpeedMean" "maleSpeedSD" "femaleSpeedMean" "femaleSpeedSD" "extraTime"
"237" "2019-02-16" 205 113 91 3.2275705533782 0.663799904438636 2.71798895841416 0.423460206177749 NA
"236" "2019-02-09" 150 84 61 3.19152791984296 0.495331691880515 2.68056409613732 0.399012882035578 NA
"235" "2019-01-26" 162 96 63 3.27569602329868 0.561455924998492 2.72645598211292 0.459134832083422 NA
"234" "2019-01-19" 187 100 81 3.19910118599019 0.574276720720831 2.7727597593461 0.368573897483992 NA
"233" "2019-01-12" 211 120 84 3.2297612416764 0.574698324750632 2.65191201837772 0.416696972499697 NA
"232" "2019-01-05" 223 125 95 3.21903236250432 0.524924363586543 2.63651209430335 0.406404853298601 NA
"231" "2019-01-01" 502 265 226 3.19960956672635 0.584340398236088 2.70075340601961 0.476846377689666 NA
"230" "2018-12-29" 232 129 97 3.17563871492372 0.577022527881262 2.73170167824186 0.467079774368767 NA
"229" "2018-12-25" 194 104 82 3.31571162465496 0.570204216328971 2.90359103297383 0.496113477333082 NA
"228" "2018-12-22" 185 113 71 3.31254420497943 0.618291885655342 2.71459121854625 0.462461165322774 NA
"227" "2018-12-15" 135 72 61 3.21088934141065 0.629041685280659 2.69108626379244 0.479043022167947 NA
"226" "2018-12-08" 140 82 54 3.09654062626898 0.571919109668217 2.68602505729922 0.425831850034877 NA
"225" "2018-12-01" 178 103 73 3.29654348121614 0.556276872945085 2.80159008764262 0.524556173086219 NA
"224" "2018-11-24" 186 93 86 3.37331153636331 0.582115301980097 2.66286268485821 0.504431457017604 NA
"223" "2018-11-17" 182 109 70 3.30037322419739 0.598273182005979 2.72480401284029 0.366281316918324 NA
"222" "2018-11-10" 183 94 79 3.17142666612114 0.628295761718156 2.67592525240119 0.466639392726645 NA
"221" "2018-11-03" 228 124 99 3.2177056885981 0.567107184727589 2.72070179845994 0.470668667680748 NA
"220" "2018-10-27" 115 60 53 3.37989023023637 0.560296689558406 2.7314582160787 0.444008026805354 NA
"219" "2018-10-20" 205 103 95 3.25263666635971 0.646914924181234 2.7548743212102 0.43327643090229 NA
"218" "2018-10-13" 149 81 63 3.53514143148544 0.517855286571042 2.78965473642337 0.470759237604965 NA
"217" "2018-10-06" 188 107 74 3.23299400865093 0.60744780240196 2.69006979886967 0.459347229486324 NA
"216" "2018-09-29" 162 85 75 3.31643110662075 0.529337402305956 2.66707204142085 0.410200408290557 NA
"215" "2018-09-22" 211 113 94 3.26787115208457 0.591401441791045 2.63891730187446 0.504618947552155 NA
"214" "2018-09-15" 185 109 74 3.26194756520021 0.549762346778302 2.68029142944816 0.451140189659465 NA
"213" "2018-09-08" 206 117 83 3.23918113966752 0.664774044929188 2.72280347005348 0.50296466627182 NA
"212" "2018-09-01" 247 148 86 2.97848327535572 0.65093609365048 2.66063523828505 0.547867405507025 NA
"211" "2018-08-25" 272 139 122 3.29393972893489 0.651666542540519 2.67459981845564 0.46791401956009 NA
"210" "2018-08-11" 209 102 97 3.1947712456617 0.59634680684516 2.74252387286773 0.431004620678417 NA
"209" "2018-08-04" 235 118 112 3.26270585119783 0.61745080300386 2.81539299582158 0.53029468409195 NA
"208" "2018-07-28" 222 116 100 3.30108352525653 0.631319345002293 2.67234847087398 0.48486960164298 NA
"207" "2018-07-21" 171 94 77 3.24760622957344 0.621897557137746 2.70275517589053 0.487942965306694 NA
"206" "2018-07-14" 174 91 78 3.19765238693659 0.517152264323492 2.68936601391571 0.412652023948177 NA
"205" "2018-07-07" 191 88 92 3.24259252037078 0.616119117133169 2.72640137292679 0.439770124156308 NA
"204" "2018-06-30" 213 108 97 3.27691999856366 0.658591825909708 2.73252518356522 0.5473209528669 NA
"203" "2018-06-23" 185 89 87 3.28235688109737 0.622389259114418 2.66119609140909 0.401961733253199 NA
"202" "2018-06-16" 185 95 88 3.34800585677427 0.567087212566687 2.69667047725486 0.500134265360831 NA
"201" "2018-06-09" 194 99 88 3.19714975681252 0.542650816398196 2.7344387969281 0.432862415076745 NA
"200" "2018-06-02" 293 150 133 3.26870124002002 0.563873456346732 2.69943501807196 0.465766496253118 NA
"199" "2018-05-26" 242 137 95 3.30995375932098 0.57660603064261 2.75761983966255 0.462931294970403 NA
"198" "2018-05-19" 175 101 68 3.21677026662939 0.596382200462338 2.69777045441815 0.476792118592111 NA
"197" "2018-05-12" 210 103 96 3.32428915163202 0.57698967006923 2.69495693960396 0.444423540984702 NA
"196" "2018-05-05" 247 119 113 3.24492795780126 0.553746687622156 2.62799062464017 0.428787793520911 NA
"195" "2018-04-28" 208 103 99 3.29849408117422 0.64321643261599 2.59696684019735 0.436166804389539 NA
"194" "2018-04-21" 168 94 72 3.28560291942088 0.625794147731653 2.67083463702922 0.405300824608792 NA
"193" "2018-04-14" 147 74 63 3.31458790149807 0.612670324617529 2.59364783782027 0.399294965406514 NA
"192" "2018-04-07" 204 111 84 3.23795166267385 0.545154782501053 2.73955019191294 0.482007353540542 NA
"191" "2018-03-31" 180 95 76 3.23407963263314 0.582402617841613 2.63786683865732 0.473186097770283 NA
"190" "2018-03-24" 159 81 71 3.23693259401797 0.624431898365663 2.55036660870717 0.445599982547561 NA
"189" "2018-03-17" 65 40 25 3.27780849506756 0.612839075543568 2.81573288719477 0.336508808614257 NA
"188" "2018-03-10" 129 71 53 3.17182709405597 0.602818650437978 2.72900916253025 0.392029772720851 NA
"187" "2018-02-24" 170 91 72 3.27290647490723 0.606071611486145 2.70667574567334 0.371558671147961 NA
"186" "2018-02-17" 182 95 85 3.22574756966641 0.534414936844372 2.62533763851026 0.418843517984295 NA
"185" "2018-02-10" 172 71 92 3.09770679344404 0.536702113555468 2.60218862685623 0.371803408118838 NA
"184" "2018-02-03" 199 114 79 3.22873733521169 0.638725398257633 2.70043071792738 0.482053446428045 NA
"183" "2018-01-27" 196 101 77 3.20411012889564 0.645588998688619 2.66820138067157 0.488973077831946 NA
"182" "2018-01-13" 189 100 77 3.23827004546306 0.562599831600166 2.65107216465522 0.453541338860506 NA
"181" "2018-01-06" 150 83 60 3.10371094137355 0.561549452662514 2.67412295517729 0.409542960250283 NA
"180" "2018-01-01" 499 267 220 3.23798542366294 0.633155757141802 2.65149797706066 0.47075900250954 NA
"179" "2017-12-30" 146 84 56 3.13872249642391 0.57307702603599 2.52919724867126 0.514111332162989 NA
"178" "2017-12-25" 118 67 46 3.39783879798394 0.575046510201745 2.93711956134236 0.435561680731502 NA
"177" "2017-12-23" 176 105 66 3.34344616834374 0.61146837272688 2.78589854937325 0.466464806921743 NA
"176" "2017-12-16" 115 69 43 3.34536946799319 0.597777406493162 2.73809292328714 0.517867764078588 NA
"175" "2017-12-09" 107 71 33 3.28180754372845 0.524828729900816 2.71345555594044 0.535927736535213 NA
"174" "2017-12-02" 155 93 59 3.36187576051713 0.575780518058096 2.82961668416431 0.521518640864771 NA
"173" "2017-11-25" 160 100 56 3.33599175082475 0.583891913668108 2.77018066787685 0.403868561588055 NA
"172" "2017-11-18" 159 92 61 3.2984138038035 0.581037868777221 2.75046044823198 0.450939839967222 NA
"171" "2017-11-11" 167 90 72 3.25382589130229 0.588985483502668 2.76850401278407 0.423566523222339 NA
"170" "2017-11-04" 208 110 91 3.31932159570807 0.565517085706565 2.77056219850942 0.488536343822689 NA
"169" "2017-10-28" 184 95 83 3.27528772964874 0.555056551319878 2.51066095940461 0.461359657457873 NA
"168" "2017-10-21" 181 95 81 3.24846179656742 0.576659566566904 2.74072053010939 0.481254438033479 NA
"167" "2017-10-14" 161 83 74 3.21544839556275 0.701824407230566 2.66399608590258 0.461268594290109 NA
"166" "2017-10-07" 181 90 84 3.12357050209315 0.586265551958131 2.67996524529634 0.532704930013531 NA
"165" "2017-09-30" 192 100 81 3.22214537388864 0.584806348531999 2.64913714170827 0.454508078797938 NA
"164" "2017-09-23" 254 169 82 3.17025175549589 0.629880212000951 2.70503773823663 0.480501755767938 NA
"163" "2017-09-16" 275 174 95 3.06641671269779 0.781943204676178 2.63946157773368 0.618258767402996 NA
"162" "2017-09-09" 178 108 67 3.17142883151953 0.633715631704123 2.64151089146881 0.474195246214319 NA
"161" "2017-09-02" 194 116 75 3.26134275338886 0.650947131829576 2.68641336603754 0.562236005889099 NA
"160" "2017-08-26" 248 143 104 3.25489930663257 0.665694667678164 2.66509284221663 0.435324373610346 NA
"159" "2017-08-19" 242 136 101 3.27564078426201 0.656517202713987 2.6585483673081 0.495799649670789 NA
"158" "2017-08-12" 237 126 107 3.29634549929016 0.660490919885819 2.64579448294975 0.467169335996729 NA
"157" "2017-08-05" 234 146 84 3.29412550013909 0.655610798661766 2.74485015284476 0.398186399624077 NA
"156" "2017-07-29" 259 143 109 3.23468204185229 0.634527375794709 2.71529472828105 0.50664998559499 NA
"155" "2017-07-22" 187 117 64 3.19278630184452 0.593096472716209 2.80532313156927 0.49107484004995 NA
"154" "2017-07-15" 212 123 82 3.25254942532015 0.55645826707017 2.82064148925011 0.491512997739618 NA
"153" "2017-07-08" 204 112 88 3.20508597116351 0.626334034293803 2.71472243706799 0.475870512563717 NA
"152" "2017-07-01" 212 120 85 3.2988542656236 0.609518741704771 2.76912455470172 0.545715841319053 NA
"151" "2017-06-24" 219 122 95 3.26130173350662 0.617225935879401 2.68058071402437 0.461330888072968 NA
"150" "2017-06-17" 216 114 92 3.24898288961613 0.58619867666748 2.69717665872382 0.444143513521344 NA
"149" "2017-06-10" 158 94 57 3.19245235222614 0.605926899207666 2.80201133244668 0.448833334120788 NA
"148" "2017-06-03" 238 136 96 3.3163005214946 0.555435414341755 2.87804716928314 0.455438087362579 NA
"147" "2017-05-27" 230 134 83 3.28486313768618 0.583836846654268 2.79597703884424 0.50782739138512 NA
"146" "2017-05-20" 224 119 99 3.33031841572399 0.63132814449842 2.82642452790649 0.41429070504964 NA
"145" "2017-05-13" 206 115 81 3.27040145713999 0.621885762977142 2.80345398401493 0.506479431412173 NA
"144" "2017-05-06" 219 116 98 3.21463642413937 0.625996700460921 2.78713696263313 0.473983357771848 NA
"143" "2017-04-29" 241 134 104 3.28136657941284 0.664970143897344 2.73104074318486 0.452664452615651 NA
"142" "2017-04-22" 179 109 67 3.29442890318601 0.568095375498582 2.74899196753271 0.431030871698423 NA
"141" "2017-04-15" 276 164 102 3.31817791061194 0.601750714867555 2.77600858835179 0.443560948524314 NA
"140" "2017-04-08" 239 127 111 3.27503942916174 0.601075817126187 2.72229317789806 0.479964979712897 NA
"139" "2017-04-01" 166 88 75 3.45268713659623 0.677526662848353 2.76973425055583 0.462484642306787 NA
"138" "2017-03-25" 206 116 86 3.37395818394548 0.624770210005334 2.7498983260234 0.479460099443787 NA
"137" "2017-03-18" 171 92 76 3.25521057415437 0.577617551317037 2.70370164698112 0.467780001862407 NA
"136" "2017-03-11" 183 110 70 3.28488358450369 0.597477230507143 2.74948407327408 0.479182341469152 NA
"135" "2017-03-04" 155 84 69 3.21705857046536 0.569018805842633 2.64575966048663 0.34242855622646 NA
"134" "2017-02-25" 162 92 69 3.155824143097 0.619978225740434 2.65209320361425 0.401628853607781 NA
"133" "2017-02-18" 181 110 70 3.35676326524787 0.615983567545381 2.74817764321304 0.473344322671128 NA
"132" "2017-02-11" 150 90 59 3.18305433030452 0.49539862658372 2.72625876551866 0.42142157823002 NA
"131" "2017-02-04" 212 137 73 3.25593664278151 0.57367716255518 2.75724162441493 0.44702859032724 NA
"130" "2017-01-28" 183 115 61 3.27751554347827 0.581448267634329 2.7101752631756 0.432698380724343 NA
"129" "2017-01-21" 188 110 78 3.20920305553386 0.601024518556337 2.71025785725169 0.40941598856159 NA
"128" "2017-01-14" 190 105 83 3.10470334361604 0.524280453013201 2.6889130545904 0.429310114524018 NA
"127" "2017-01-07" 187 111 74 3.22326295252403 0.592091606291767 2.64154361903275 0.408132903563121 NA
"126" "2017-01-01" 81 47 33 3.25865062003032 0.564720548455349 2.72980912875811 0.569789792485203 NA
"125" "2016-12-31" 206 114 86 3.23853864957894 0.521988392742262 2.66560106199621 0.45955646259491 NA
"124" "2016-12-25" 85 56 28 3.21579055298704 0.562977128240531 2.93771767742232 0.510818655942988 NA
"123" "2016-12-24" 230 118 106 3.33441973858545 0.659652568172632 2.83073876445563 0.531107558142889 NA
"122" "2016-12-17" 105 67 36 3.33200826902829 0.569773736829627 2.8857428787488 0.495158193539346 NA
"121" "2016-12-10" 117 78 39 3.27770682823064 0.602819611281346 2.63734290066131 0.488522724664659 NA
"120" "2016-12-03" 114 70 43 3.34187093643057 0.572362733302471 2.81654454418576 0.502262031004638 NA
"119" "2016-11-26" 135 79 52 3.21892686473467 0.443862758989899 2.80004506841257 0.422804247689784 NA
"118" "2016-11-19" 150 84 65 3.15368223076069 0.537609891597024 2.67427333775349 0.372280310927785 NA
"117" "2016-11-12" 149 84 61 3.33498914308773 0.543999310998516 2.8452335525634 0.425782858708008 NA
"116" "2016-11-05" 150 92 55 3.13407956324594 0.554717891573544 2.79581874140786 0.473667772505753 NA
"115" "2016-10-29" 205 122 83 3.15329966883486 0.613705932710291 2.79716117991023 0.556611203453951 NA
"114" "2016-10-22" 156 97 54 3.22282444673451 0.63104530431923 2.77004423103182 0.602964945834782 NA
"113" "2016-10-15" 238 103 53 3.12754052267802 0.610403346542618 2.79929830712002 0.508519383094222 NA
"112" "2016-10-08" 130 83 44 3.22943712133498 0.555270626513311 2.92320634005101 0.404797008856943 NA
"111" "2016-10-01" 130 76 52 3.23267310571575 0.535948014450924 2.81463437342993 0.324082701142896 NA
"110" "2016-09-24" 145 89 55 3.1306415190557 0.556708722363049 2.74952972634106 0.398975857926702 NA
"109" "2016-09-17" 161 95 63 3.25285784847475 0.60291418315353 2.88947258421544 0.438060509388938 NA
"108" "2016-09-10" 120 75 45 3.21116019118899 0.565843696209373 2.86949590808331 0.431661614626904 NA
"107" "2016-09-03" 152 92 58 3.26009277001669 0.576828382494992 2.78734361629465 0.396409470588288 NA
"106" "2016-08-27" 183 110 72 3.2711677241679 0.653745311736764 2.89178351942635 0.464579543190785 NA
"105" "2016-08-20" 149 101 46 3.18235150539643 0.586363618512347 2.81549331003756 0.473367432729443 NA
"104" "2016-08-13" 144 92 47 3.31285163620201 0.611594078122607 2.7427739494654 0.529863865367482 NA
"103" "2016-08-06" 205 128 76 3.23812366830861 0.623255678751092 2.89087649269666 0.476963823994515 NA
"102" "2016-07-30" 152 97 55 3.29130066045257 0.603551744061513 2.88949827411239 0.481749318997388 NA
"101" "2016-07-23" 147 93 54 3.26827916355119 0.590076546155928 2.97437153542162 0.337566252259077 NA
"100" "2016-07-16" 190 109 80 3.33717316389693 0.611044811523009 2.70377971321495 0.541700686162702 NA
"99" "2016-07-09" 127 79 48 3.16090806875591 0.72184495240955 2.62708081594391 0.56534129104117 NA
"98" "2016-07-02" 119 76 42 3.36321253365549 0.578620085474046 2.79748889083513 0.383281309083788 NA
"97" "2016-06-25" 169 101 64 3.30661673590226 0.632537194829528 2.84986653340813 0.395814773564225 NA
"96" "2016-06-18" 118 76 42 3.29147774372842 0.625329691168452 2.87760253028119 0.565262880371418 NA
"95" "2016-06-11" 107 71 36 3.40539966285271 0.541652287694996 2.83705237923243 0.366280087221773 NA
"94" "2016-06-04" 177 108 68 3.2111824106566 0.563426209218611 2.77692416124322 0.443290060943618 NA
"93" "2016-05-28" 148 96 50 3.28771705951029 0.636562906963775 2.79487580128653 0.474916212218391 NA
"92" "2016-05-21" 132 91 39 3.26059885010807 0.637295329691312 2.73792620586012 0.437450601793258 NA
"91" "2016-05-14" 184 110 70 3.37980519569817 0.647385580756502 2.88327229472514 0.449113920393959 NA
"90" "2016-05-07" 160 104 54 3.34500428301246 0.552826651487277 2.87406651957856 0.337189461716302 NA
"89" "2016-04-30" 146 92 54 3.27588401896433 0.61533925585552 2.81863075810931 0.557658765776834 NA
"88" "2016-04-23" 152 90 61 3.23503953046121 0.653206097559771 2.6663415352057 0.483601170344036 NA
"87" "2016-04-16" 101 65 36 3.17969878093644 0.57994364483911 2.78211810633696 0.351008881855433 NA
"86" "2016-04-09" 159 102 53 3.12432423400777 0.571892147159612 2.81988559162084 0.533805813335463 NA
"85" "2016-04-02" 138 92 41 3.25324530715995 0.558283308605064 2.83616348636743 0.565288356142402 NA
"84" "2016-03-26" 168 95 72 3.31749379007422 0.534105362285486 2.75900451725448 0.552258968161702 NA
"83" "2016-03-19" 105 70 34 3.38140463707347 0.631012486496473 2.7921421034164 0.446154203783822 NA
"82" "2016-03-12" 125 77 48 3.30778035893141 0.604787736198654 2.78651782129144 0.546596527174812 NA
"81" "2016-03-05" 118 76 40 3.27766413768366 0.556534656144682 2.81720632047756 0.448082709891007 NA
"80" "2016-02-27" 163 100 63 3.35284898966278 0.635158740401677 2.85929094908202 0.42694103101769 NA
"79" "2016-02-20" 123 77 42 3.25530926138585 0.566247270942231 2.80769603399364 0.45100801904836 NA
"78" "2016-02-13" 99 67 32 3.316098620745 0.538980273562224 2.96504809733147 0.422956985788064 NA
"77" "2016-02-06" 155 90 63 3.29652368506645 0.63467234259219 2.70308561039796 0.439574298421516 NA
"76" "2016-01-30" 107 62 44 3.29010776655618 0.602555874411873 2.71683605496474 0.364766327986757 NA
"75" "2016-01-23" 129 82 43 3.35533104722854 0.603885014700783 2.74976786128464 0.333316433165105 NA
"74" "2016-01-09" 123 82 41 3.23300787352145 0.604678187754568 2.72676343283732 0.370589253850208 NA
"73" "2016-01-02" 95 56 39 3.09161632056905 0.528321461857883 2.83916443805059 0.461037300210479 NA
"72" "2015-12-19" 95 59 34 3.22804167652502 0.614532917843557 2.86515202012625 0.461607245478081 NA
"71" "2015-12-12" 92 60 32 3.27003978574907 0.637097735745223 2.68886194770811 0.377369546183453 NA
"70" "2015-12-05" 67 43 24 3.06000453059716 0.536164544646453 2.71828132885497 0.402521209175649 NA
"69" "2015-11-28" 95 59 35 3.31449804315881 0.595474501271137 2.75804762583948 0.429715380720209 NA
"68" "2015-11-21" 80 51 29 3.20574192109429 0.58951511857488 2.76770530141025 0.409039669213897 NA
"67" "2015-11-14" 117 71 46 3.27021629379137 0.585518308217382 2.71806487528302 0.459388578326377 NA
"66" "2015-11-07" 118 72 45 3.2628564642252 0.647497497063132 2.74873169157632 0.417555959058549 NA
"65" "2015-10-31" 162 91 66 3.29211854179872 0.635550810188966 2.83371371063227 0.446263409657159 NA
"64" "2015-10-24" 129 81 44 3.34935642312422 0.635251761474229 2.80240499333798 0.507497888836853 NA
"63" "2015-10-17" 131 80 49 3.33150878365078 0.635095465451616 2.90147381190802 0.378960593653633 NA
"62" "2015-10-10" 97 64 33 3.38262356308736 0.531628394771853 2.83422731317343 0.433058051584411 NA
"61" "2015-10-03" 137 82 55 3.28228783474161 0.576975656100769 2.87250720069467 0.492875871184901 NA
"60" "2015-09-26" 129 74 54 3.29234729707316 0.607828481622659 2.69755192460917 0.385823400526899 NA
"59" "2015-09-19" 128 79 48 3.20482902632788 0.636489957705074 2.76071152507143 0.340105726180222 NA
"58" "2015-09-12" 102 67 32 3.26052118472198 0.567033644558293 2.86826901912198 0.480522057075905 NA
"57" "2015-09-05" 122 71 50 3.36442446753456 0.6825763075572 2.8438216398067 0.52422469008267 NA
"56" "2015-08-29" 134 75 59 3.20136710600245 0.614607517496122 2.80069077263737 0.520797478451616 NA
"55" "2015-08-22" 142 84 58 3.39449314556315 0.60097638986301 2.80875586074914 0.569222367096943 NA
"54" "2015-08-15" 144 95 48 3.39876683079811 0.567065908220149 2.67445044751874 0.478927545069085 NA
"53" "2015-08-08" 171 99 71 3.28023523361268 0.607204844365577 2.68294348677936 0.652307972604607 NA
"52" "2015-08-01" 154 86 59 3.25173248025725 0.747459180247233 2.61991929790138 0.667945217211673 NA
"51" "2015-07-25" 134 87 47 3.33881522895475 0.579185258925286 2.97556345427272 0.48676929237696 NA
"50" "2015-07-18" 129 82 41 3.33726880213655 0.624457294467911 2.76474528644665 0.448606969157315 NA
"49" "2015-07-11" 140 80 56 3.29615458057827 0.606667868979396 2.69181747118434 0.564843563775926 NA
"48" "2015-07-04" 101 61 40 3.40143511054978 0.594010136429482 2.7429742203449 0.55226793226798 NA
"47" "2015-06-27" 134 78 54 3.40558392009353 0.542037773400391 2.73569725518841 0.470387454758282 NA
"46" "2015-06-20" 128 69 57 3.34436946505908 0.598881774853545 2.74935931062336 0.498884449653055 NA
"45" "2015-06-13" 174 97 70 3.23549239815866 0.794735910588586 2.53240271661023 0.604243781829592 NA
"44" "2015-06-06" 141 74 66 3.35642372531462 0.528102600439927 2.75936972590837 0.536140747582678 NA
"43" "2015-05-30" 125 69 53 3.42507248634116 0.63541310643584 2.80889979118569 0.479293931935082 NA
"42" "2015-05-23" 173 109 62 3.40950603280871 0.63526438573587 2.82539709124556 0.447642899935153 NA
"41" "2015-05-16" 137 79 56 3.56307122873836 0.702567751868774 2.75643839641248 0.476924745572241 NA
"40" "2015-05-09" 98 55 41 3.28360583060753 0.624734797237398 2.7985899992743 0.490773606633092 NA
"39" "2015-05-02" 153 85 62 3.34059529963226 0.614072795043412 2.80528517558437 0.444337158965309 NA
"38" "2015-04-25" 110 69 39 3.29429804277811 0.674844821085853 2.79514794724433 0.47614442722333 NA
"37" "2015-04-18" 141 78 63 3.42838542427661 0.652294329915911 2.7332515834229 0.496348146748912 NA
"36" "2015-04-11" 87 50 36 3.16837670258834 0.663470247576227 2.6593834024116 0.510795736949558 NA
"35" "2015-04-04" 143 83 58 3.40604140291044 0.678788265043557 2.85097753242995 0.527797373876389 NA
"34" "2015-03-28" 89 56 33 3.33624579747255 0.729351648548459 2.8039911070383 0.456147248689035 NA
"33" "2015-03-21" 89 50 39 3.27833049184108 0.622443636657588 2.80038825898505 0.508695272438435 NA
"32" "2015-03-14" 131 69 60 3.37004521297106 0.725880196069865 2.68248180829106 0.528372189388132 NA
"31" "2015-03-07" 115 64 51 3.33639664117698 0.572768360311904 2.82857160602032 0.464234214144671 NA
"30" "2015-02-28" 113 63 50 3.41844223555706 0.578521973700406 2.65405495355378 0.433968760519087 NA
"29" "2015-02-21" 131 65 66 3.43379782114703 0.682389107714673 2.71947779058958 0.480344527993418 NA
"28" "2015-02-14" 112 68 44 3.29803974303138 0.648557416845015 2.81306600992619 0.405011901770057 NA
"27" "2015-02-07" 126 65 60 3.29998155816139 0.582172423963106 2.83831218739222 0.495151988054963 NA
"26" "2015-01-31" 101 61 40 3.2617670907662 0.619199950676663 2.74238536598596 0.463273620925314 NA
"25" "2015-01-24" 110 61 47 3.18967003915452 0.659913535542225 2.77196070267369 0.502479865467945 NA
"24" "2015-01-17" 117 63 53 3.35583726343732 0.599854396309105 2.78814220021919 0.446105935024812 NA
"23" "2015-01-10" 64 36 28 3.18465303718624 0.553555190649678 2.74213214698101 0.325785795286894 NA
"22" "2015-01-03" 119 68 49 3.35484904919659 0.63845474334408 2.81314080842924 0.489096545331052 NA
"21" "2014-12-27" 77 49 28 3.42237711852097 0.66078157747928 3.06767370827188 0.583874809076149 NA
"20" "2014-12-20" 60 44 16 3.25604120163973 0.645978769160886 2.86585503677567 0.565091204710722 NA
"19" "2014-12-13" 55 39 15 3.33140114499518 0.558937596705322 2.95621964129104 0.412046156732594 NA
"18" "2014-12-06" 88 53 35 3.41033900680155 0.625662931660579 2.94336402865504 0.435887242665842 NA
"17" "2014-11-29" 88 57 29 3.30000507814282 0.579695183725377 2.74964383985619 0.428859493707656 NA
"16" "2014-11-22" 97 55 42 3.47929111341495 0.665073142170865 2.63826081650243 0.496759420143825 NA
"15" "2014-11-15" 101 63 37 3.38023101706429 0.592805602076837 2.72055517070148 0.50299787972092 NA
"14" "2014-11-08" 101 60 41 3.32042352546532 0.70584191326394 2.87288520872519 0.456322860794513 NA
"13" "2014-11-01" 126 74 51 3.42904794088437 0.515926607842105 2.8989398573903 0.476886677710553 NA
"12" "2014-10-25" 117 72 43 3.28713579428909 0.587677267349152 2.7236643858319 0.376208894009356 NA
"11" "2014-10-18" 119 64 55 3.42452733672799 0.598926157398307 2.80228392671901 0.432229986546456 NA
"10" "2014-10-11" 75 47 28 3.3542857244691 0.60116562767354 2.71032153865581 0.351371801962735 NA
"9" "2014-10-04" 100 53 41 3.34070432702911 0.629487039115627 2.82784739328053 0.478299654867639 NA
"8" "2014-09-27" 98 53 44 3.51924244698575 0.68300413647558 2.91472236434085 0.548568790308966 NA
"7" "2014-09-20" 90 52 38 3.4124292772 0.63371000661549 2.87395564061829 0.493364849385347 NA
"6" "2014-09-13" 83 53 29 3.33336790005068 0.546589478490767 2.85944946186709 0.514306176972746 NA
"5" "2014-09-06" 68 45 21 3.53144760325876 0.601376870584618 3.00924480101279 0.430454794280058 NA
"4" "2014-08-30" 78 60 17 3.4787300936388 0.564143906232291 2.74081574660052 0.48815535246933 NA
"3" "2014-08-23" 128 79 48 3.50789017166515 0.609047563327195 2.84969439304997 0.495457754343029 NA
"2" "2014-08-16" 71 40 31 3.58503098913638 0.509382858892085 2.84097499491913 0.454888193228748 NA
"1" "2014-08-09" NA NA NA NA NA NA NA NA
