"date" "athletes" "maleAthletes" "femaleAthletes" "maleSpeedMean" "maleSpeedSD" "femaleSpeedMean" "femaleSpeedSD" "extraTime"
"484" "2019-05-18" NA NA NA NA NA NA NA NA
"483" "2019-05-11" NA NA NA NA NA NA NA NA
"482" "2019-05-04" NA NA NA NA NA NA NA NA
"481" "2019-04-20" NA NA NA NA NA NA NA NA
"480" "2019-04-13" NA NA NA NA NA NA NA NA
"479" "2019-04-06" NA NA NA NA NA NA NA NA
"478" "2019-03-30" NA NA NA NA NA NA NA NA
"477" "2019-03-23" NA NA NA NA NA NA NA NA
"476" "2019-03-16" NA NA NA NA NA NA NA NA
"475" "2019-03-09" NA NA NA NA NA NA NA NA
"474" "2019-03-02" NA NA NA NA NA NA NA NA
"473" "2019-02-23" NA NA NA NA NA NA NA NA
"472" "2019-02-16" NA NA NA NA NA NA NA NA
"471" "2019-02-09" NA NA NA NA NA NA NA NA
"470" "2019-02-02" NA NA NA NA NA NA NA NA
"469" "2019-01-26" NA NA NA NA NA NA NA NA
"468" "2019-01-12" NA NA NA NA NA NA NA NA
"467" "2019-01-05" NA NA NA NA NA NA NA NA
"466" "2019-01-01" NA NA NA NA NA NA NA NA
"465" "2018-12-29" NA NA NA NA NA NA NA NA
"464" "2018-12-22" NA NA NA NA NA NA NA NA
"463" "2018-12-15" NA NA NA NA NA NA NA NA
"462" "2018-12-08" NA NA NA NA NA NA NA NA
"461" "2018-12-01" NA NA NA NA NA NA NA NA
"460" "2018-11-24" NA NA NA NA NA NA NA NA
"459" "2018-11-17" NA NA NA NA NA NA NA NA
"458" "2018-11-10" NA NA NA NA NA NA NA NA
"457" "2018-11-03" NA NA NA NA NA NA NA NA
"456" "2018-10-27" NA NA NA NA NA NA NA NA
"455" "2018-10-20" NA NA NA NA NA NA NA NA
"454" "2018-10-06" NA NA NA NA NA NA NA NA
"453" "2018-09-29" NA NA NA NA NA NA NA NA
"452" "2018-09-22" NA NA NA NA NA NA NA NA
"451" "2018-09-15" NA NA NA NA NA NA NA NA
"450" "2018-09-08" NA NA NA NA NA NA NA NA
"449" "2018-09-01" NA NA NA NA NA NA NA NA
"448" "2018-08-25" NA NA NA NA NA NA NA NA
"447" "2018-08-18" NA NA NA NA NA NA NA NA
"446" "2018-08-11" NA NA NA NA NA NA NA NA
"445" "2018-08-04" NA NA NA NA NA NA NA NA
"444" "2018-07-28" NA NA NA NA NA NA NA NA
"443" "2018-07-21" NA NA NA NA NA NA NA NA
"442" "2018-07-14" NA NA NA NA NA NA NA NA
"441" "2018-07-07" NA NA NA NA NA NA NA NA
"440" "2018-06-30" NA NA NA NA NA NA NA NA
"439" "2018-06-23" NA NA NA NA NA NA NA NA
"438" "2018-06-16" NA NA NA NA NA NA NA NA
"437" "2018-06-09" NA NA NA NA NA NA NA NA
"436" "2018-06-02" NA NA NA NA NA NA NA NA
"435" "2018-05-26" NA NA NA NA NA NA NA NA
"434" "2018-05-19" NA NA NA NA NA NA NA NA
"433" "2018-05-12" NA NA NA NA NA NA NA NA
"432" "2018-05-05" NA NA NA NA NA NA NA NA
"431" "2018-04-28" NA NA NA NA NA NA NA NA
"430" "2018-04-21" NA NA NA NA NA NA NA NA
"429" "2018-04-14" NA NA NA NA NA NA NA NA
"428" "2018-04-07" NA NA NA NA NA NA NA NA
"427" "2018-03-31" NA NA NA NA NA NA NA NA
"426" "2018-03-24" NA NA NA NA NA NA NA NA
"425" "2018-03-10" NA NA NA NA NA NA NA NA
"424" "2018-02-24" NA NA NA NA NA NA NA NA
"423" "2018-02-17" NA NA NA NA NA NA NA NA
"422" "2018-02-10" NA NA NA NA NA NA NA NA
"421" "2018-02-03" NA NA NA NA NA NA NA NA
"420" "2018-01-27" NA NA NA NA NA NA NA NA
"419" "2018-01-13" NA NA NA NA NA NA NA NA
"418" "2018-01-06" NA NA NA NA NA NA NA NA
"417" "2018-01-01" NA NA NA NA NA NA NA NA
"416" "2017-12-23" NA NA NA NA NA NA NA NA
"415" "2017-12-09" NA NA NA NA NA NA NA NA
"414" "2017-11-18" NA NA NA NA NA NA NA NA
"413" "2017-11-11" NA NA NA NA NA NA NA NA
"412" "2017-11-04" NA NA NA NA NA NA NA NA
"411" "2017-10-28" NA NA NA NA NA NA NA NA
"410" "2017-10-21" NA NA NA NA NA NA NA NA
"409" "2017-10-14" NA NA NA NA NA NA NA NA
"408" "2017-10-07" NA NA NA NA NA NA NA NA
"407" "2017-09-30" NA NA NA NA NA NA NA NA
"406" "2017-09-23" NA NA NA NA NA NA NA NA
"405" "2017-09-16" NA NA NA NA NA NA NA NA
"404" "2017-09-09" NA NA NA NA NA NA NA NA
"403" "2017-09-02" NA NA NA NA NA NA NA NA
"402" "2017-08-26" NA NA NA NA NA NA NA NA
"401" "2017-08-19" NA NA NA NA NA NA NA NA
"400" "2017-08-12" NA NA NA NA NA NA NA NA
"399" "2017-08-05" NA NA NA NA NA NA NA NA
"398" "2017-07-29" NA NA NA NA NA NA NA NA
"397" "2017-07-22" NA NA NA NA NA NA NA NA
"396" "2017-07-15" NA NA NA NA NA NA NA NA
"395" "2017-07-08" NA NA NA NA NA NA NA NA
"394" "2017-07-01" NA NA NA NA NA NA NA NA
"393" "2017-06-24" NA NA NA NA NA NA NA NA
"392" "2017-06-17" NA NA NA NA NA NA NA NA
"391" "2017-06-10" NA NA NA NA NA NA NA NA
"390" "2017-06-03" NA NA NA NA NA NA NA NA
"389" "2017-05-27" NA NA NA NA NA NA NA NA
"388" "2017-05-20" NA NA NA NA NA NA NA NA
"387" "2017-05-13" NA NA NA NA NA NA NA NA
"386" "2017-05-06" NA NA NA NA NA NA NA NA
"385" "2017-04-29" NA NA NA NA NA NA NA NA
"384" "2017-04-22" NA NA NA NA NA NA NA NA
"383" "2017-04-15" NA NA NA NA NA NA NA NA
"382" "2017-04-08" NA NA NA NA NA NA NA NA
"381" "2017-04-01" NA NA NA NA NA NA NA NA
"380" "2017-03-25" NA NA NA NA NA NA NA NA
"379" "2017-03-18" NA NA NA NA NA NA NA NA
"378" "2017-03-11" NA NA NA NA NA NA NA NA
"377" "2017-03-04" NA NA NA NA NA NA NA NA
"376" "2017-02-25" NA NA NA NA NA NA NA NA
"375" "2017-02-18" NA NA NA NA NA NA NA NA
"374" "2017-02-11" NA NA NA NA NA NA NA NA
"373" "2017-02-04" NA NA NA NA NA NA NA NA
"372" "2017-01-28" NA NA NA NA NA NA NA NA
"371" "2017-01-21" NA NA NA NA NA NA NA NA
"370" "2017-01-07" NA NA NA NA NA NA NA NA
"369" "2017-01-01" NA NA NA NA NA NA NA NA
"368" "2016-12-31" NA NA NA NA NA NA NA NA
"367" "2016-12-24" NA NA NA NA NA NA NA NA
"366" "2016-12-17" NA NA NA NA NA NA NA NA
"365" "2016-12-10" NA NA NA NA NA NA NA NA
"364" "2016-12-03" NA NA NA NA NA NA NA NA
"363" "2016-11-26" NA NA NA NA NA NA NA NA
"362" "2016-11-19" NA NA NA NA NA NA NA NA
"361" "2016-11-12" NA NA NA NA NA NA NA NA
"360" "2016-11-05" NA NA NA NA NA NA NA NA
"359" "2016-10-29" NA NA NA NA NA NA NA NA
"358" "2016-10-22" NA NA NA NA NA NA NA NA
"357" "2016-10-15" NA NA NA NA NA NA NA NA
"356" "2016-10-08" NA NA NA NA NA NA NA NA
"355" "2016-10-01" NA NA NA NA NA NA NA NA
"354" "2016-09-24" NA NA NA NA NA NA NA NA
"353" "2016-09-17" NA NA NA NA NA NA NA NA
"352" "2016-09-10" NA NA NA NA NA NA NA NA
"351" "2016-09-03" NA NA NA NA NA NA NA NA
"350" "2016-08-27" NA NA NA NA NA NA NA NA
"349" "2016-08-20" NA NA NA NA NA NA NA NA
"348" "2016-08-13" NA NA NA NA NA NA NA NA
"347" "2016-08-06" NA NA NA NA NA NA NA NA
"346" "2016-07-30" NA NA NA NA NA NA NA NA
"345" "2016-07-23" NA NA NA NA NA NA NA NA
"344" "2016-07-16" NA NA NA NA NA NA NA NA
"343" "2016-07-09" NA NA NA NA NA NA NA NA
"342" "2016-07-02" NA NA NA NA NA NA NA NA
"341" "2016-06-25" NA NA NA NA NA NA NA NA
"340" "2016-06-18" NA NA NA NA NA NA NA NA
"339" "2016-06-11" NA NA NA NA NA NA NA NA
"338" "2016-06-04" NA NA NA NA NA NA NA NA
"337" "2016-05-28" NA NA NA NA NA NA NA NA
"336" "2016-05-21" NA NA NA NA NA NA NA NA
"335" "2016-05-14" NA NA NA NA NA NA NA NA
"334" "2016-05-07" NA NA NA NA NA NA NA NA
"333" "2016-04-30" NA NA NA NA NA NA NA NA
"332" "2016-04-23" NA NA NA NA NA NA NA NA
"331" "2016-04-16" NA NA NA NA NA NA NA NA
"330" "2016-04-09" NA NA NA NA NA NA NA NA
"329" "2016-04-02" NA NA NA NA NA NA NA NA
"328" "2016-03-26" NA NA NA NA NA NA NA NA
"327" "2016-03-19" NA NA NA NA NA NA NA NA
"326" "2016-03-12" NA NA NA NA NA NA NA NA
"325" "2016-03-05" NA NA NA NA NA NA NA NA
"324" "2016-02-27" NA NA NA NA NA NA NA NA
"323" "2016-02-20" NA NA NA NA NA NA NA NA
"322" "2016-02-13" NA NA NA NA NA NA NA NA
"321" "2016-02-06" NA NA NA NA NA NA NA NA
"320" "2016-01-30" NA NA NA NA NA NA NA NA
"319" "2016-01-23" NA NA NA NA NA NA NA NA
"318" "2016-01-09" NA NA NA NA NA NA NA NA
"317" "2016-01-02" NA NA NA NA NA NA NA NA
"316" "2015-12-26" NA NA NA NA NA NA NA NA
"315" "2015-12-19" NA NA NA NA NA NA NA NA
"314" "2015-12-12" NA NA NA NA NA NA NA NA
"313" "2015-12-05" NA NA NA NA NA NA NA NA
"312" "2015-11-28" NA NA NA NA NA NA NA NA
"311" "2015-11-21" NA NA NA NA NA NA NA NA
"310" "2015-11-14" NA NA NA NA NA NA NA NA
"309" "2015-11-07" NA NA NA NA NA NA NA NA
"308" "2015-10-31" NA NA NA NA NA NA NA NA
"307" "2015-10-24" NA NA NA NA NA NA NA NA
"306" "2015-10-17" NA NA NA NA NA NA NA NA
"305" "2015-10-10" NA NA NA NA NA NA NA NA
"304" "2015-10-03" NA NA NA NA NA NA NA NA
"303" "2015-09-26" NA NA NA NA NA NA NA NA
"302" "2015-09-19" NA NA NA NA NA NA NA NA
"301" "2015-09-12" NA NA NA NA NA NA NA NA
"300" "2015-09-05" NA NA NA NA NA NA NA NA
"299" "2015-08-29" NA NA NA NA NA NA NA NA
"298" "2015-08-22" NA NA NA NA NA NA NA NA
"297" "2015-08-15" NA NA NA NA NA NA NA NA
"296" "2015-08-08" NA NA NA NA NA NA NA NA
"295" "2015-08-01" NA NA NA NA NA NA NA NA
"294" "2015-07-25" NA NA NA NA NA NA NA NA
"293" "2015-07-18" NA NA NA NA NA NA NA NA
"292" "2015-07-11" NA NA NA NA NA NA NA NA
"291" "2015-07-04" NA NA NA NA NA NA NA NA
"290" "2015-06-27" NA NA NA NA NA NA NA NA
"289" "2015-06-20" NA NA NA NA NA NA NA NA
"288" "2015-06-13" NA NA NA NA NA NA NA NA
"287" "2015-06-06" NA NA NA NA NA NA NA NA
"286" "2015-05-30" NA NA NA NA NA NA NA NA
"285" "2015-05-23" NA NA NA NA NA NA NA NA
"284" "2015-05-16" NA NA NA NA NA NA NA NA
"283" "2015-05-09" NA NA NA NA NA NA NA NA
"282" "2015-05-02" NA NA NA NA NA NA NA NA
"281" "2015-04-25" NA NA NA NA NA NA NA NA
"280" "2015-04-18" NA NA NA NA NA NA NA NA
"279" "2015-04-11" NA NA NA NA NA NA NA NA
"278" "2015-04-04" NA NA NA NA NA NA NA NA
"277" "2015-03-28" NA NA NA NA NA NA NA NA
"276" "2015-03-21" NA NA NA NA NA NA NA NA
"275" "2015-03-14" NA NA NA NA NA NA NA NA
"274" "2015-03-07" NA NA NA NA NA NA NA NA
"273" "2015-02-28" NA NA NA NA NA NA NA NA
"272" "2015-02-21" NA NA NA NA NA NA NA NA
"271" "2015-02-14" NA NA NA NA NA NA NA NA
"270" "2015-02-07" NA NA NA NA NA NA NA NA
"269" "2015-01-31" NA NA NA NA NA NA NA NA
"268" "2015-01-17" NA NA NA NA NA NA NA NA
"267" "2015-01-10" NA NA NA NA NA NA NA NA
"266" "2015-01-03" NA NA NA NA NA NA NA NA
"265" "2015-01-01" NA NA NA NA NA NA NA NA
"264" "2014-12-27" NA NA NA NA NA NA NA NA
"263" "2014-12-20" NA NA NA NA NA NA NA NA
"262" "2014-12-13" NA NA NA NA NA NA NA NA
"261" "2014-12-06" NA NA NA NA NA NA NA NA
"260" "2014-11-29" NA NA NA NA NA NA NA NA
"259" "2014-11-22" NA NA NA NA NA NA NA NA
"258" "2014-11-15" NA NA NA NA NA NA NA NA
"257" "2014-11-08" NA NA NA NA NA NA NA NA
"256" "2014-11-01" NA NA NA NA NA NA NA NA
"255" "2014-10-25" NA NA NA NA NA NA NA NA
"254" "2014-10-18" NA NA NA NA NA NA NA NA
"253" "2014-10-11" NA NA NA NA NA NA NA NA
"252" "2014-10-04" NA NA NA NA NA NA NA NA
"251" "2014-09-27" NA NA NA NA NA NA NA NA
"250" "2014-09-20" NA NA NA NA NA NA NA NA
"249" "2014-09-13" NA NA NA NA NA NA NA NA
"248" "2014-09-06" NA NA NA NA NA NA NA NA
"247" "2014-08-30" NA NA NA NA NA NA NA NA
"246" "2014-08-23" NA NA NA NA NA NA NA NA
"245" "2014-08-16" NA NA NA NA NA NA NA NA
"244" "2014-08-09" NA NA NA NA NA NA NA NA
"243" "2014-08-02" NA NA NA NA NA NA NA NA
"242" "2014-07-26" NA NA NA NA NA NA NA NA
"241" "2014-07-19" NA NA NA NA NA NA NA NA
"240" "2014-07-12" NA NA NA NA NA NA NA NA
"239" "2014-07-05" NA NA NA NA NA NA NA NA
"238" "2014-06-28" NA NA NA NA NA NA NA NA
"237" "2014-06-21" NA NA NA NA NA NA NA NA
"236" "2014-06-14" NA NA NA NA NA NA NA NA
"235" "2014-06-07" NA NA NA NA NA NA NA NA
"234" "2014-05-31" NA NA NA NA NA NA NA NA
"233" "2014-05-24" NA NA NA NA NA NA NA NA
"232" "2014-05-17" NA NA NA NA NA NA NA NA
"231" "2014-05-10" NA NA NA NA NA NA NA NA
"230" "2014-05-03" NA NA NA NA NA NA NA NA
"229" "2014-04-26" NA NA NA NA NA NA NA NA
"228" "2014-04-19" NA NA NA NA NA NA NA NA
"227" "2014-04-12" NA NA NA NA NA NA NA NA
"226" "2014-04-05" NA NA NA NA NA NA NA NA
"225" "2014-03-29" NA NA NA NA NA NA NA NA
"224" "2014-03-22" NA NA NA NA NA NA NA NA
"223" "2014-03-15" NA NA NA NA NA NA NA NA
"222" "2014-03-08" NA NA NA NA NA NA NA NA
"221" "2014-03-01" NA NA NA NA NA NA NA NA
"220" "2014-02-22" NA NA NA NA NA NA NA NA
"219" "2014-02-15" NA NA NA NA NA NA NA NA
"218" "2014-02-08" NA NA NA NA NA NA NA NA
"217" "2014-02-01" NA NA NA NA NA NA NA NA
"216" "2014-01-25" NA NA NA NA NA NA NA NA
"215" "2014-01-18" NA NA NA NA NA NA NA NA
"214" "2014-01-11" NA NA NA NA NA NA NA NA
"213" "2014-01-04" NA NA NA NA NA NA NA NA
"212" "2014-01-01" NA NA NA NA NA NA NA NA
"211" "2013-12-28" NA NA NA NA NA NA NA NA
"210" "2013-12-21" NA NA NA NA NA NA NA NA
"209" "2013-12-14" NA NA NA NA NA NA NA NA
"208" "2013-12-07" NA NA NA NA NA NA NA NA
"207" "2013-11-30" NA NA NA NA NA NA NA NA
"206" "2013-11-23" NA NA NA NA NA NA NA NA
"205" "2013-11-16" NA NA NA NA NA NA NA NA
"204" "2013-11-09" NA NA NA NA NA NA NA NA
"203" "2013-11-02" NA NA NA NA NA NA NA NA
"202" "2013-10-26" NA NA NA NA NA NA NA NA
"201" "2013-10-19" NA NA NA NA NA NA NA NA
"200" "2013-10-12" NA NA NA NA NA NA NA NA
"199" "2013-10-05" NA NA NA NA NA NA NA NA
"198" "2013-09-28" NA NA NA NA NA NA NA NA
"197" "2013-09-21" NA NA NA NA NA NA NA NA
"196" "2013-09-14" NA NA NA NA NA NA NA NA
"195" "2013-09-07" NA NA NA NA NA NA NA NA
"194" "2013-08-31" NA NA NA NA NA NA NA NA
"193" "2013-08-24" NA NA NA NA NA NA NA NA
"192" "2013-08-17" NA NA NA NA NA NA NA NA
"191" "2013-08-10" NA NA NA NA NA NA NA NA
"190" "2013-08-03" NA NA NA NA NA NA NA NA
"189" "2013-07-27" NA NA NA NA NA NA NA NA
"188" "2013-07-20" NA NA NA NA NA NA NA NA
"187" "2013-07-13" NA NA NA NA NA NA NA NA
"186" "2013-07-06" NA NA NA NA NA NA NA NA
"185" "2013-06-29" NA NA NA NA NA NA NA NA
"184" "2013-06-22" NA NA NA NA NA NA NA NA
"183" "2013-06-15" NA NA NA NA NA NA NA NA
"182" "2013-06-08" NA NA NA NA NA NA NA NA
"181" "2013-06-01" NA NA NA NA NA NA NA NA
"180" "2013-05-25" NA NA NA NA NA NA NA NA
"179" "2013-05-18" NA NA NA NA NA NA NA NA
"178" "2013-05-11" NA NA NA NA NA NA NA NA
"177" "2013-05-04" NA NA NA NA NA NA NA NA
"176" "2013-04-27" NA NA NA NA NA NA NA NA
"175" "2013-04-20" NA NA NA NA NA NA NA NA
"174" "2013-04-13" NA NA NA NA NA NA NA NA
"173" "2013-04-06" NA NA NA NA NA NA NA NA
"172" "2013-03-30" NA NA NA NA NA NA NA NA
"171" "2013-03-23" NA NA NA NA NA NA NA NA
"170" "2013-03-16" NA NA NA NA NA NA NA NA
"169" "2013-03-09" NA NA NA NA NA NA NA NA
"168" "2013-03-02" NA NA NA NA NA NA NA NA
"167" "2013-02-23" NA NA NA NA NA NA NA NA
"166" "2013-02-16" NA NA NA NA NA NA NA NA
"165" "2013-02-09" NA NA NA NA NA NA NA NA
"164" "2013-01-26" NA NA NA NA NA NA NA NA
"163" "2013-01-19" NA NA NA NA NA NA NA NA
"162" "2013-01-12" NA NA NA NA NA NA NA NA
"161" "2013-01-05" NA NA NA NA NA NA NA NA
"160" "2013-01-01" NA NA NA NA NA NA NA NA
"159" "2012-12-29" NA NA NA NA NA NA NA NA
"158" "2012-12-22" NA NA NA NA NA NA NA NA
"157" "2012-12-15" NA NA NA NA NA NA NA NA
"156" "2012-11-24" NA NA NA NA NA NA NA NA
"155" "2012-11-17" NA NA NA NA NA NA NA NA
"154" "2012-11-10" NA NA NA NA NA NA NA NA
"153" "2012-11-03" NA NA NA NA NA NA NA NA
"152" "2012-10-27" NA NA NA NA NA NA NA NA
"151" "2012-10-20" NA NA NA NA NA NA NA NA
"150" "2012-10-13" NA NA NA NA NA NA NA NA
"149" "2012-10-06" NA NA NA NA NA NA NA NA
"148" "2012-09-29" NA NA NA NA NA NA NA NA
"147" "2012-09-22" NA NA NA NA NA NA NA NA
"146" "2012-09-15" NA NA NA NA NA NA NA NA
"145" "2012-09-08" NA NA NA NA NA NA NA NA
"144" "2012-09-01" NA NA NA NA NA NA NA NA
"143" "2012-08-25" NA NA NA NA NA NA NA NA
"142" "2012-08-18" NA NA NA NA NA NA NA NA
"141" "2012-08-11" NA NA NA NA NA NA NA NA
"140" "2012-08-04" NA NA NA NA NA NA NA NA
"139" "2012-07-28" NA NA NA NA NA NA NA NA
"138" "2012-07-21" NA NA NA NA NA NA NA NA
"137" "2012-07-14" NA NA NA NA NA NA NA NA
"136" "2012-07-07" NA NA NA NA NA NA NA NA
"135" "2012-06-30" NA NA NA NA NA NA NA NA
"134" "2012-06-23" NA NA NA NA NA NA NA NA
"133" "2012-06-16" NA NA NA NA NA NA NA NA
"132" "2012-06-09" NA NA NA NA NA NA NA NA
"131" "2012-06-02" NA NA NA NA NA NA NA NA
"130" "2012-05-26" NA NA NA NA NA NA NA NA
"129" "2012-05-19" NA NA NA NA NA NA NA NA
"128" "2012-05-12" NA NA NA NA NA NA NA NA
"127" "2012-05-05" NA NA NA NA NA NA NA NA
"126" "2012-04-28" NA NA NA NA NA NA NA NA
"125" "2012-04-21" NA NA NA NA NA NA NA NA
"124" "2012-04-14" NA NA NA NA NA NA NA NA
"123" "2012-04-07" NA NA NA NA NA NA NA NA
"122" "2012-03-31" NA NA NA NA NA NA NA NA
"121" "2012-03-24" NA NA NA NA NA NA NA NA
"120" "2012-03-17" NA NA NA NA NA NA NA NA
"119" "2012-03-10" 115 81 34 3.34776594448015 0.586485893672389 2.74786098167038 0.484164160788151 NA
"118" "2012-03-03" 94 69 25 3.46255578990951 0.504132231734458 2.7636213159924 0.441814408518716 NA
"117" "2012-02-25" 101 71 28 3.50447993612552 0.52135855768746 2.86097938930817 0.494755192918114 NA
"116" "2012-02-18" 68 50 18 3.46508616539602 0.532841293024125 2.76889275415229 0.397599604636965 NA
"115" "2012-02-11" 90 70 19 3.45084902098725 0.527164321084871 2.77159165556859 0.3928858554271 NA
"114" "2012-02-04" 110 85 23 3.46493035166732 0.547652511262634 2.81762897713316 0.488950641449268 NA
"113" "2012-01-28" 107 76 30 3.43566186820714 0.557278648564693 2.51329251535076 0.487328607302742 NA
"112" "2012-01-21" 102 74 27 3.36407597907959 0.532883856388324 2.63860996777785 0.524187649807657 NA
"111" "2012-01-14" 138 100 37 3.41744016310614 0.640707889838267 2.55106248110401 0.569277982364513 NA
"110" "2012-01-07" 105 75 29 3.57037343354134 0.570408114482718 2.49546506856404 0.432095681353556 NA
"109" "2011-12-31" 82 68 14 3.55753172045008 0.554407579091163 2.94452920379753 0.569518598409022 NA
"108" "2011-12-24" 99 72 27 3.48303086046046 0.618234356433388 2.8117799203081 0.572276430232343 NA
"107" "2011-12-10" 64 48 16 3.50672645335937 0.528189960165132 2.58840346717308 0.288376578139081 NA
"106" "2011-12-03" 84 61 23 3.58800777300831 0.61898638969715 2.83191188299026 0.481020811566365 NA
"105" "2011-11-26" 63 47 16 3.49086137428138 0.439377614138044 2.87834949390323 0.551678388767335 NA
"104" "2011-11-19" 102 74 28 3.57571076584765 0.613671621173124 2.76824900558079 0.527266091133395 NA
"103" "2011-11-12" 76 59 17 3.71913180296046 0.59186870315938 2.77603897695707 0.489402483796359 NA
"102" "2011-11-05" 101 72 29 3.68955355424496 0.664392355063905 2.81744290517918 0.419604609588081 NA
"101" "2011-10-29" 71 50 19 3.53989377476422 0.540708150538528 2.66794437538474 0.41810537841553 NA
"100" "2011-10-22" 86 60 25 3.5607943910934 0.563379760672859 2.68209335804456 0.504411296264854 NA
"99" "2011-10-15" 102 70 32 3.62618282975436 0.634419753937377 2.96805860357532 0.550410540170061 NA
"98" "2011-10-08" 58 46 12 3.58287828275749 0.520668534846225 2.77169732099915 0.286406914501171 NA
"97" "2011-10-01" 92 66 25 3.5912200327693 0.619762923837276 2.88677233654858 0.435766533790481 NA
"96" "2011-09-24" 76 56 19 3.64977835067295 0.538279308159784 2.82310205183 0.501683492417641 NA
"95" "2011-09-17" 71 51 18 3.60154473396881 0.553474258386681 2.69230372627906 0.340224713105864 NA
"94" "2011-09-03" 77 52 22 3.55853025998652 0.592065576268694 2.61870868541553 0.517460466934936 NA
"93" "2011-08-27" 81 60 21 3.64309151102019 0.685431546229681 2.87969611158774 0.558426616400367 NA
"92" "2011-08-20" 84 58 23 3.66626075151067 0.616234193936866 2.69237690939131 0.484985478341931 NA
"91" "2011-08-13" 73 52 21 3.56992143000419 0.588370979242032 2.60330073307181 0.432705385999933 NA
"90" "2011-08-06" 72 56 15 3.5265086081696 0.604804375057783 2.89918704833993 0.276766071491688 NA
"89" "2011-07-30" 94 68 25 3.5849120267795 0.618962144865381 2.86615480507016 0.548604989552415 NA
"88" "2011-07-23" 83 61 22 3.53939563957614 0.581042205110587 2.90959254326142 0.536034712620787 NA
"87" "2011-07-16" 89 61 21 3.48825074686636 0.520963066298528 3.04203121815219 0.413960049832591 NA
"86" "2011-07-09" 85 66 16 3.61424487662937 0.506586436544005 3.07901935787102 0.383429462397784 NA
"85" "2011-07-02" 93 59 29 3.68485532961834 0.587157067717442 2.85732213499496 0.56466585158288 NA
"84" "2011-06-25" 65 47 18 3.54627748530837 0.614809801909693 2.79497588535158 0.344744124753107 NA
"83" "2011-06-18" 79 55 22 3.54744412563738 0.554283149048494 2.89159292947258 0.455023078099366 NA
"82" "2011-06-11" 92 70 20 3.68080854394354 0.58310086366786 2.60182754807014 0.48745833288687 NA
"81" "2011-06-04" 78 53 25 3.59237906245837 0.529335825624207 2.8542497272209 0.580706534004586 NA
"80" "2011-05-28" 100 68 30 3.40612534115561 0.586436020279898 2.80695549237077 0.424096125222902 NA
"79" "2011-05-21" 74 53 21 3.29711635063218 0.668553809663412 2.77473748185757 0.455621461047089 NA
"78" "2011-05-14" 85 59 25 3.51883299010588 0.54539458325407 2.86724262245705 0.429255403158296 NA
"77" "2011-05-07" 122 79 40 3.5023380406957 0.593363273733061 2.82451976226273 0.408244174112295 NA
"76" "2011-04-30" 86 60 26 3.56667431319232 0.634155926899008 2.92230367797442 0.700210510504136 NA
"75" "2011-04-23" 87 59 23 3.48047283866521 0.51650295829266 2.83045706471183 0.695663144234653 NA
"74" "2011-04-16" 74 52 21 3.70368259328174 0.642750866798165 2.8071961409456 0.319957948436097 NA
"73" "2011-04-09" 81 59 21 3.57340018111126 0.626426815690735 2.93750866682858 0.410378898288403 NA
"72" "2011-04-02" 61 42 14 3.50260674742447 0.587846677022597 2.87406609236651 0.422477438261172 NA
"71" "2011-03-26" 62 34 16 3.48747979651941 0.677629713972901 2.90033750401267 0.353510273419865 NA
"70" "2011-03-19" 69 51 17 3.68969433693291 0.65983959611233 2.87694886788428 0.30680279910101 NA
"69" "2011-03-12" 70 44 22 3.5475859219922 0.592878620916175 2.95387751185109 0.353309226923199 NA
"68" "2011-03-05" 83 45 27 3.77473081621602 0.487211749319689 3.00953808396247 0.530714084179068 NA
"67" "2011-02-26" 65 33 22 3.64924253187354 0.488231266851499 2.76836117524196 0.428355575812251 NA
"66" "2011-02-19" 60 38 19 3.60385482314527 0.480923759705868 2.85921618710146 0.395795351704525 NA
"65" "2011-02-12" 77 43 32 3.5646730355292 0.594777935082418 2.84015462059048 0.433055200044228 NA
"64" "2011-02-05" 70 46 21 3.55342388212669 0.480551029951186 2.63939288210798 0.383882387035153 NA
"63" "2011-01-29" 80 44 29 3.614475625856 0.598251873496733 2.76849590235217 0.364088991590489 NA
"62" "2011-01-22" 85 51 26 3.5311623578755 0.663395976258741 2.82746617537517 0.504117986928936 NA
"61" "2011-01-15" 78 52 22 3.48743861954137 0.594177387386986 2.65461575530853 0.470795083118998 NA
"60" "2011-01-08" 36 22 12 3.47920034457486 0.583700658207224 2.58090446342671 0.396148515671695 NA
"59" "2010-12-31" 52 33 18 3.40810678764951 0.569220789613752 2.74693601869065 0.522685249084944 NA
"58" "2010-12-24" 36 26 10 3.10916056790439 0.572398103047402 2.5806247953351 0.322410613277539 NA
"57" "2010-12-18" 49 34 14 3.38870489217783 0.541614660754022 2.5451708235427 0.43675242093604 NA
"56" "2010-12-04" 16 12 4 3.43730027419236 0.455450678513067 2.57596368030033 0.422783948318551 NA
"55" "2010-11-27" 5 4 1 3.0953953729049 0.454256948180611 2.42248062015504 NA NA
"54" "2010-11-20" 49 33 15 3.65309756514184 0.77388614885279 2.87490873444015 0.497598653032137 NA
"53" "2010-11-13" 55 34 21 3.48905880136494 0.63859514297092 2.67713685527791 0.472308958563531 NA
"52" "2010-11-06" 76 60 15 3.52656960737117 0.521125563797716 2.79795589257191 0.513271965866877 NA
"51" "2010-10-30" 48 33 15 3.62499369551119 0.495915315507508 2.85121192171357 0.444147016228015 NA
"50" "2010-10-23" 55 36 16 3.49133069365691 0.450339946117089 2.73410672185085 0.367511109866433 NA
"49" "2010-10-16" 71 44 25 3.55506879124379 0.669782327644858 2.86242851344288 0.552969349819055 NA
"48" "2010-10-09" 75 52 19 3.54122210769506 0.646228546416663 2.77697018341489 0.628687773629905 NA
"47" "2010-10-02" 53 34 17 3.63460762815688 0.643948996439714 2.85020119510789 0.514062964189538 NA
"46" "2010-09-25" 63 42 19 3.46822839494447 0.629371016804215 2.75978830915287 0.507022867562577 NA
"45" "2010-09-18" 44 29 11 3.43379868405513 0.603796102292508 2.88879609397216 0.492858253380775 NA
"44" "2010-09-11" 37 20 16 3.57142987147584 0.65363477106913 3.05193381841629 0.480117021070438 NA
"43" "2010-09-04" 42 24 18 3.54715370053145 0.681285404483191 2.75480089572444 0.508861207468353 NA
"42" "2010-08-28" 54 36 17 3.65256215642761 0.683006288728205 2.86089258570543 0.445330850614351 NA
"41" "2010-08-21" 46 27 17 3.56523132271824 0.53575700359265 2.92006818678556 0.300410542670959 NA
"40" "2010-08-14" 40 30 9 3.58900729038608 0.574104492370512 3.05006163915952 0.33357168843367 NA
"39" "2010-08-07" 27 17 10 3.37148522545197 0.473196436760945 3.06607601006895 0.629694358452629 NA
"38" "2010-07-31" 39 24 15 3.67371986456264 0.637951796018223 2.85610421516126 0.504677068299555 NA
"37" "2010-07-24" 40 30 10 3.66646431062351 0.767543855100704 2.93398678254491 0.552747919247188 NA
"36" "2010-07-17" 54 30 15 3.44459526613242 0.547519983844089 3.07848243201629 0.698039073036441 NA
"35" "2010-07-10" 52 32 17 3.68128705763586 0.730659869166897 2.94471271932223 0.569624097966013 NA
"34" "2010-07-03" 55 31 14 3.49531072156497 0.640018041488479 3.10156504578681 0.661222004647693 NA
"33" "2010-06-26" 39 27 11 3.68087499906102 0.572411084603591 2.98612844764244 0.766390850240183 NA
"32" "2010-06-19" 23 16 7 3.42742762272079 0.557112478243012 3.12586842027226 0.330530425771614 NA
"31" "2010-06-12" 40 27 13 3.62504591204694 0.633054228354491 2.95152175576448 0.74417021343262 NA
"30" "2010-06-05" 39 27 12 3.64999267936032 0.594195035068877 3.25164156165574 0.53511169935852 NA
"29" "2010-05-29" 33 21 12 3.69802515712805 0.544231642592831 3.28738081784748 0.506144847162708 NA
"28" "2010-05-22" 49 33 6 3.52900015654014 0.55122811330619 2.91254576831219 0.548791526263163 NA
"27" "2010-05-15" 32 23 8 3.43792336701998 0.683948075477056 2.90637613258843 0.34391901284262 NA
"26" "2010-05-08" 37 32 5 3.62557304423962 0.47556642557217 3.09127811986855 0.192797848879644 NA
"25" "2010-05-01" 32 24 8 3.46126134058926 0.531234906118401 3.05314524496797 0.443727553897399 NA
"24" "2010-04-24" 27 19 7 3.59767466471188 0.634980213801107 3.17572347368316 0.39457391942608 NA
"23" "2010-04-17" 53 35 18 3.65022286793003 0.595733754439407 2.97213324716274 0.551718954438065 NA
"22" "2010-04-10" 39 25 13 3.54982277004481 0.757463059323143 2.93867358278751 0.471720916829769 NA
"21" "2010-04-03" 44 33 7 3.5235216417095 0.682680424246255 3.0911726753293 0.387251892313957 NA
"20" "2010-03-27" NA NA NA NA NA NA NA NA
"19" "2010-03-20" NA NA NA NA NA NA NA NA
"18" "2010-03-13" NA NA NA NA NA NA NA NA
"17" "2010-03-06" NA NA NA NA NA NA NA NA
"16" "2010-02-27" NA NA NA NA NA NA NA NA
"15" "2010-02-20" NA NA NA NA NA NA NA NA
"14" "2010-02-13" NA NA NA NA NA NA NA NA
"13" "2010-02-06" NA NA NA NA NA NA NA NA
"12" "2010-01-30" NA NA NA NA NA NA NA NA
"11" "2010-01-23" NA NA NA NA NA NA NA NA
"10" "2009-12-12" NA NA NA NA NA NA NA NA
"9" "2009-12-05" NA NA NA NA NA NA NA NA
"8" "2009-11-28" NA NA NA NA NA NA NA NA
"7" "2009-11-21" NA NA NA NA NA NA NA NA
"6" "2009-11-14" NA NA NA NA NA NA NA NA
"5" "2009-11-07" NA NA NA NA NA NA NA NA
"4" "2009-10-31" NA NA NA NA NA NA NA NA
"3" "2009-10-24" NA NA NA NA NA NA NA NA
"2" "2009-10-17" NA NA NA NA NA NA NA NA
"1" "2009-10-10" NA NA NA NA NA NA NA NA
