"date" "athletes" "maleAthletes" "femaleAthletes" "maleSpeedMean" "maleSpeedSD" "femaleSpeedMean" "femaleSpeedSD" "extraTime"
"586" "2019-05-25" NA NA NA NA NA NA NA NA
"585" "2019-05-18" NA NA NA NA NA NA NA NA
"584" "2019-05-11" NA NA NA NA NA NA NA NA
"583" "2019-05-04" NA NA NA NA NA NA NA NA
"582" "2019-04-27" NA NA NA NA NA NA NA NA
"581" "2019-04-20" NA NA NA NA NA NA NA NA
"580" "2019-04-13" NA NA NA NA NA NA NA NA
"579" "2019-04-06" NA NA NA NA NA NA NA NA
"578" "2019-03-30" NA NA NA NA NA NA NA NA
"577" "2019-03-23" NA NA NA NA NA NA NA NA
"576" "2019-03-16" NA NA NA NA NA NA NA NA
"575" "2019-03-09" NA NA NA NA NA NA NA NA
"574" "2019-03-02" NA NA NA NA NA NA NA NA
"573" "2019-02-23" NA NA NA NA NA NA NA NA
"572" "2019-02-16" NA NA NA NA NA NA NA NA
"571" "2019-02-09" NA NA NA NA NA NA NA NA
"570" "2019-02-02" NA NA NA NA NA NA NA NA
"569" "2019-01-26" NA NA NA NA NA NA NA NA
"568" "2019-01-19" NA NA NA NA NA NA NA NA
"567" "2019-01-12" NA NA NA NA NA NA NA NA
"566" "2019-01-05" NA NA NA NA NA NA NA NA
"565" "2019-01-01" NA NA NA NA NA NA NA NA
"564" "2018-12-29" NA NA NA NA NA NA NA NA
"563" "2018-12-25" NA NA NA NA NA NA NA NA
"562" "2018-12-22" NA NA NA NA NA NA NA NA
"561" "2018-12-15" NA NA NA NA NA NA NA NA
"560" "2018-12-08" NA NA NA NA NA NA NA NA
"559" "2018-12-01" NA NA NA NA NA NA NA NA
"558" "2018-11-24" NA NA NA NA NA NA NA NA
"557" "2018-11-17" NA NA NA NA NA NA NA NA
"556" "2018-11-10" NA NA NA NA NA NA NA NA
"555" "2018-11-03" NA NA NA NA NA NA NA NA
"554" "2018-10-27" NA NA NA NA NA NA NA NA
"553" "2018-10-20" NA NA NA NA NA NA NA NA
"552" "2018-10-13" NA NA NA NA NA NA NA NA
"551" "2018-10-06" NA NA NA NA NA NA NA NA
"550" "2018-09-29" NA NA NA NA NA NA NA NA
"549" "2018-09-22" NA NA NA NA NA NA NA NA
"548" "2018-09-15" NA NA NA NA NA NA NA NA
"547" "2018-09-08" NA NA NA NA NA NA NA NA
"546" "2018-09-01" NA NA NA NA NA NA NA NA
"545" "2018-08-25" NA NA NA NA NA NA NA NA
"544" "2018-08-18" NA NA NA NA NA NA NA NA
"543" "2018-08-11" NA NA NA NA NA NA NA NA
"542" "2018-08-04" NA NA NA NA NA NA NA NA
"541" "2018-07-28" NA NA NA NA NA NA NA NA
"540" "2018-07-21" NA NA NA NA NA NA NA NA
"539" "2018-07-14" NA NA NA NA NA NA NA NA
"538" "2018-07-07" NA NA NA NA NA NA NA NA
"537" "2018-06-30" NA NA NA NA NA NA NA NA
"536" "2018-06-23" NA NA NA NA NA NA NA NA
"535" "2018-06-16" NA NA NA NA NA NA NA NA
"534" "2018-06-09" NA NA NA NA NA NA NA NA
"533" "2018-06-02" NA NA NA NA NA NA NA NA
"532" "2018-05-26" NA NA NA NA NA NA NA NA
"531" "2018-05-19" NA NA NA NA NA NA NA NA
"530" "2018-05-12" NA NA NA NA NA NA NA NA
"529" "2018-05-05" NA NA NA NA NA NA NA NA
"528" "2018-04-28" NA NA NA NA NA NA NA NA
"527" "2018-04-21" NA NA NA NA NA NA NA NA
"526" "2018-04-14" NA NA NA NA NA NA NA NA
"525" "2018-04-07" NA NA NA NA NA NA NA NA
"524" "2018-03-31" NA NA NA NA NA NA NA NA
"523" "2018-03-24" NA NA NA NA NA NA NA NA
"522" "2018-03-17" NA NA NA NA NA NA NA NA
"521" "2018-03-10" NA NA NA NA NA NA NA NA
"520" "2018-03-03" NA NA NA NA NA NA NA NA
"519" "2018-02-24" NA NA NA NA NA NA NA NA
"518" "2018-02-17" NA NA NA NA NA NA NA NA
"517" "2018-02-10" NA NA NA NA NA NA NA NA
"516" "2018-02-03" NA NA NA NA NA NA NA NA
"515" "2018-01-27" NA NA NA NA NA NA NA NA
"514" "2018-01-20" NA NA NA NA NA NA NA NA
"513" "2018-01-13" NA NA NA NA NA NA NA NA
"512" "2018-01-06" NA NA NA NA NA NA NA NA
"511" "2018-01-01" NA NA NA NA NA NA NA NA
"510" "2017-12-30" NA NA NA NA NA NA NA NA
"509" "2017-12-25" NA NA NA NA NA NA NA NA
"508" "2017-12-23" NA NA NA NA NA NA NA NA
"507" "2017-12-16" NA NA NA NA NA NA NA NA
"506" "2017-12-09" NA NA NA NA NA NA NA NA
"505" "2017-12-02" NA NA NA NA NA NA NA NA
"504" "2017-11-25" NA NA NA NA NA NA NA NA
"503" "2017-11-18" NA NA NA NA NA NA NA NA
"502" "2017-11-11" NA NA NA NA NA NA NA NA
"501" "2017-11-04" NA NA NA NA NA NA NA NA
"500" "2017-10-28" NA NA NA NA NA NA NA NA
"499" "2017-10-21" NA NA NA NA NA NA NA NA
"498" "2017-10-14" NA NA NA NA NA NA NA NA
"497" "2017-10-07" NA NA NA NA NA NA NA NA
"496" "2017-09-30" NA NA NA NA NA NA NA NA
"495" "2017-09-23" NA NA NA NA NA NA NA NA
"494" "2017-09-16" NA NA NA NA NA NA NA NA
"493" "2017-09-09" NA NA NA NA NA NA NA NA
"492" "2017-09-02" NA NA NA NA NA NA NA NA
"491" "2017-08-26" NA NA NA NA NA NA NA NA
"490" "2017-08-19" NA NA NA NA NA NA NA NA
"489" "2017-08-12" NA NA NA NA NA NA NA NA
"488" "2017-08-05" NA NA NA NA NA NA NA NA
"487" "2017-07-29" NA NA NA NA NA NA NA NA
"486" "2017-07-22" NA NA NA NA NA NA NA NA
"485" "2017-07-15" NA NA NA NA NA NA NA NA
"484" "2017-07-08" NA NA NA NA NA NA NA NA
"483" "2017-07-01" NA NA NA NA NA NA NA NA
"482" "2017-06-24" NA NA NA NA NA NA NA NA
"481" "2017-06-17" NA NA NA NA NA NA NA NA
"480" "2017-06-10" NA NA NA NA NA NA NA NA
"479" "2017-06-03" NA NA NA NA NA NA NA NA
"478" "2017-05-27" NA NA NA NA NA NA NA NA
"477" "2017-05-20" NA NA NA NA NA NA NA NA
"476" "2017-05-13" NA NA NA NA NA NA NA NA
"475" "2017-05-06" NA NA NA NA NA NA NA NA
"474" "2017-04-29" NA NA NA NA NA NA NA NA
"473" "2017-04-22" NA NA NA NA NA NA NA NA
"472" "2017-04-15" NA NA NA NA NA NA NA NA
"471" "2017-04-08" NA NA NA NA NA NA NA NA
"470" "2017-04-01" NA NA NA NA NA NA NA NA
"469" "2017-03-25" NA NA NA NA NA NA NA NA
"468" "2017-03-18" NA NA NA NA NA NA NA NA
"467" "2017-03-11" NA NA NA NA NA NA NA NA
"466" "2017-03-04" NA NA NA NA NA NA NA NA
"465" "2017-02-25" NA NA NA NA NA NA NA NA
"464" "2017-02-18" NA NA NA NA NA NA NA NA
"463" "2017-02-11" NA NA NA NA NA NA NA NA
"462" "2017-02-04" NA NA NA NA NA NA NA NA
"461" "2017-01-28" NA NA NA NA NA NA NA NA
"460" "2017-01-21" NA NA NA NA NA NA NA NA
"459" "2017-01-14" NA NA NA NA NA NA NA NA
"458" "2017-01-07" NA NA NA NA NA NA NA NA
"457" "2017-01-01" NA NA NA NA NA NA NA NA
"456" "2016-12-31" NA NA NA NA NA NA NA NA
"455" "2016-12-25" NA NA NA NA NA NA NA NA
"454" "2016-12-24" NA NA NA NA NA NA NA NA
"453" "2016-12-17" NA NA NA NA NA NA NA NA
"452" "2016-12-10" NA NA NA NA NA NA NA NA
"451" "2016-12-03" NA NA NA NA NA NA NA NA
"450" "2016-11-26" NA NA NA NA NA NA NA NA
"449" "2016-11-19" NA NA NA NA NA NA NA NA
"448" "2016-11-12" NA NA NA NA NA NA NA NA
"447" "2016-11-05" NA NA NA NA NA NA NA NA
"446" "2016-10-29" NA NA NA NA NA NA NA NA
"445" "2016-10-22" NA NA NA NA NA NA NA NA
"444" "2016-10-15" NA NA NA NA NA NA NA NA
"443" "2016-10-08" NA NA NA NA NA NA NA NA
"442" "2016-10-01" NA NA NA NA NA NA NA NA
"441" "2016-09-24" NA NA NA NA NA NA NA NA
"440" "2016-09-17" NA NA NA NA NA NA NA NA
"439" "2016-09-10" NA NA NA NA NA NA NA NA
"438" "2016-09-03" NA NA NA NA NA NA NA NA
"437" "2016-08-27" NA NA NA NA NA NA NA NA
"436" "2016-08-20" 300 160 127 3.37369244699198 0.753822482210259 2.73053002980235 0.51439680660109 NA
"435" "2016-08-13" 297 169 104 3.42040940240405 0.768432972012384 2.66685916387421 0.399308895938749 NA
"434" "2016-08-06" 223 118 92 3.401102709335 0.673349624124714 2.69690192424727 0.477296306073789 NA
"433" "2016-07-30" 326 187 122 3.41396163420498 0.646445186988331 2.81905734919993 0.495942673154291 NA
"432" "2016-07-23" 335 189 125 3.32631288773889 0.617224618856137 2.67525790883184 0.408126593870755 NA
"431" "2016-07-16" 278 144 97 3.46210165975985 0.634428909185235 2.81201442330373 0.493626238064366 NA
"430" "2016-07-09" 233 125 96 3.40735686813916 0.665494688375557 2.67895439232703 0.422520571370696 NA
"429" "2016-07-02" 289 160 117 3.44460294614682 0.661880981178651 2.73744906142823 0.423895982191306 NA
"428" "2016-06-25" 270 153 104 3.3779591802243 0.693475079992831 2.75395914371976 0.445528982215523 NA
"427" "2016-06-18" 306 171 113 3.40540011592445 0.648315506562098 2.71901089375205 0.409436190875122 NA
"426" "2016-06-11" 251 135 99 3.38584482722779 0.636321825716481 2.69157866814091 0.428263327993818 NA
"425" "2016-06-04" 258 155 93 3.32255738576147 0.621540590546859 2.77862664210898 0.430264689274503 NA
"424" "2016-05-28" 266 172 83 3.50612013380268 0.744916102048532 2.82189975872407 0.443320023486539 NA
"423" "2016-05-21" 282 164 101 3.36367375344905 0.700622246994285 2.68751702352701 0.450072264972705 NA
"422" "2016-05-14" 300 171 110 3.39797574375246 0.654193083302723 2.79345869676444 0.450218221063452 NA
"421" "2016-05-07" 267 144 109 3.31922796923192 0.679689538741817 2.75218688062576 0.40358825946109 NA
"420" "2016-04-30" 304 164 132 3.35087481322273 0.63993400999226 2.68157946724146 0.482165989350417 NA
"419" "2016-04-23" 278 155 101 3.33376657804886 0.647248677327306 2.71714349222782 0.485179940535123 NA
"418" "2016-04-16" 276 145 114 3.37770901335276 0.618391057289372 2.77435261139752 0.546585515376889 NA
"417" "2016-04-09" 263 146 109 3.48742507927278 0.683277226232991 2.7870950694728 0.470026749851027 NA
"416" "2016-04-02" 243 135 100 3.39754636050835 0.695929581766262 2.74084292773123 0.40921833462506 NA
"415" "2016-03-26" 294 168 111 3.3191407419416 0.654039509604942 2.7350895117825 0.530600347180716 NA
"414" "2016-03-19" 264 148 104 3.37011429052938 0.728592115302708 2.71468408601357 0.423259205118883 NA
"413" "2016-03-12" 283 154 115 3.38212569936746 0.719945539681978 2.78889133470016 0.485152060353317 NA
"412" "2016-03-05" 259 157 90 3.46789043633878 0.682752400978944 2.79371908505473 0.374542952821108 NA
"411" "2016-02-27" 288 167 107 3.44286479551939 0.707351691934276 2.80841206119149 0.4527430533312 NA
"410" "2016-02-20" 359 207 120 3.34031287411706 0.602329166332319 2.83742681686754 0.447953490302809 NA
"409" "2016-02-13" 254 162 84 3.33833047671582 0.688391770121827 2.88926321142884 0.494308961566873 NA
"408" "2016-02-06" 287 160 109 3.41432654241644 0.672101219077694 2.70063709177997 0.443832423533636 NA
"407" "2016-01-30" 275 156 107 3.31986869454105 0.607293404931215 2.7246639040694 0.46866786400626 NA
"406" "2016-01-23" 330 192 120 3.40455524670479 0.671943254104965 2.81386570053959 0.507203388719529 NA
"405" "2016-01-16" 307 183 115 3.24813881833346 0.629185994457524 2.61762478438631 0.474246112080988 NA
"404" "2016-01-09" 337 189 127 3.40079454960327 0.717078316290666 2.66786335065526 0.457683015279706 NA
"403" "2016-01-02" 218 125 89 3.28672943874836 0.66730584839693 2.76727812617034 0.430224036103338 NA
"402" "2016-01-01" 398 252 135 3.34571293092017 0.669455516930321 2.77896144425531 0.473830232183377 NA
"401" "2015-12-26" 131 90 36 3.53233350156074 0.634521371422451 2.89878735686694 0.379440551500018 NA
"400" "2015-12-25" 195 116 75 3.50281213539693 0.57757127384879 2.9243764755921 0.482434683552222 NA
"399" "2015-12-19" 237 143 89 3.25331754720673 0.703281251994753 2.67956714492444 0.474513248569641 NA
"398" "2015-12-12" 167 103 59 3.40343771197435 0.638040577796728 2.78999943953682 0.452724986105056 NA
"397" "2015-12-05" 143 85 51 3.37829962095502 0.640757165305207 2.8096999738526 0.482413314589369 NA
"396" "2015-11-28" 218 128 82 3.40639159769941 0.674706521090713 2.65037506381451 0.432527792184977 NA
"395" "2015-11-21" 182 119 59 3.44271543846528 0.585180887058432 2.85667629612836 0.466961444554052 NA
"394" "2015-11-14" 219 131 83 3.42335424422612 0.620627068832609 2.80350036825946 0.434595276106286 NA
"393" "2015-11-07" 216 123 78 3.52931346204068 0.626888409495858 2.87452131348832 0.539823335753532 NA
"392" "2015-10-31" 267 153 109 3.38429155685282 0.695521795225939 2.79111938360403 0.460758965883541 NA
"391" "2015-10-24" 243 127 104 3.42425925650395 0.681817857204473 2.72035419072107 0.455347294460441 NA
"390" "2015-10-17" 273 165 90 3.5293344017575 0.717418721522259 2.8023447595914 0.535801135079245 NA
"389" "2015-10-10" 250 139 98 3.33267725423757 0.67889865201847 2.6323850184636 0.543613695135478 NA
"388" "2015-10-03" 242 140 95 3.40037092941113 0.678963282677927 2.67729413728198 0.535717658033372 NA
"387" "2015-09-26" 226 125 92 3.38432231591007 0.671856061787231 2.72860683294295 0.481321975440056 NA
"386" "2015-09-19" 261 142 108 3.32591823593398 0.627675355813226 2.71648496773871 0.459093369680705 NA
"385" "2015-09-12" 183 109 67 3.28589144383013 0.701158824458444 2.72548630818579 0.47395414286766 NA
"384" "2015-09-05" 188 112 71 3.27888823561898 0.665610669881263 2.62762665149345 0.5090325097246 NA
"383" "2015-08-29" 277 160 105 3.3216729386992 0.719661014236546 2.68507943957824 0.505425868702226 NA
"382" "2015-08-22" 246 150 85 3.44417378423425 0.657162561537844 2.71289960160144 0.435246221810857 NA
"381" "2015-08-15" 258 142 100 3.35841271295749 0.668891392704731 2.65569961239403 0.476862325464039 NA
"380" "2015-08-08" 212 113 82 3.36518406212327 0.632921298973932 2.707575203052 0.494003274552319 NA
"379" "2015-08-01" 238 135 93 3.35774916027224 0.673377130719218 2.7042281838641 0.592817275170485 NA
"378" "2015-07-25" 300 177 103 3.43646375516195 0.686540815406678 2.68995770589732 0.476013258178877 NA
"377" "2015-07-18" 257 152 93 3.25393987043824 0.642293302447721 2.81562656251906 0.465765324867701 NA
"376" "2015-07-11" 244 142 93 3.28502872216781 0.667200253320286 2.71284163263755 0.443229511345903 NA
"375" "2015-07-04" 238 139 87 3.40697039800581 0.743041848774128 2.73217517843772 0.576841328781988 NA
"374" "2015-06-27" 217 127 80 3.37593615651365 0.709077645090879 2.73539900221256 0.475269010911449 NA
"373" "2015-06-20" 247 149 90 3.28556969176431 0.755833794649796 2.72269497898069 0.482555543732506 NA
"372" "2015-06-13" 234 146 77 3.37494346991616 0.699548530215288 2.78414580274486 0.474886001057474 NA
"371" "2015-06-06" 271 173 82 3.45738660150456 0.60048788002265 2.7691366051601 0.4448061488656 NA
"370" "2015-05-30" 280 160 100 3.30520354724638 0.599176152965213 2.76143150926579 0.481516866824714 NA
"369" "2015-05-23" 325 181 126 3.39413819766818 0.668541976997701 2.75931512445848 0.435900121770963 NA
"368" "2015-05-16" 282 161 111 3.34697819020771 0.603870449350626 2.81432853489028 0.472084483187349 NA
"367" "2015-05-09" 241 132 102 3.40814440944808 0.661003137867388 2.83503569431246 0.517411513091459 NA
"366" "2015-05-02" 361 197 130 3.37694844989755 0.630160309915415 2.77545882530803 0.451905808620353 NA
"365" "2015-04-25" 266 141 106 3.30870189989015 0.62356083861516 2.79968635632885 0.447732997803562 NA
"364" "2015-04-18" 241 135 103 3.47600289050219 0.693076816331712 2.8628216913375 0.525596234406342 NA
"363" "2015-04-11" 257 156 94 3.35153908554128 0.660414385975609 2.79098192746463 0.384908238473399 NA
"362" "2015-04-04" 249 144 93 3.53667658076671 0.681011094671797 2.85644447367888 0.494138683562259 NA
"361" "2015-03-28" 203 114 82 3.35776903806797 0.647117330797424 2.74959193841614 0.361270712748258 NA
"360" "2015-03-21" 225 132 84 3.39837524675472 0.681183777994735 2.75427398716929 0.50595456051709 NA
"359" "2015-03-14" 249 145 99 3.37883604835662 0.66768393118838 2.73086948944156 0.465692503247124 NA
"358" "2015-03-07" 266 144 102 3.38035836363388 0.657201002492938 2.65823711664361 0.432813558284467 NA
"357" "2015-02-28" 286 157 111 3.34591228029106 0.762680145833339 2.80541431499664 0.511650829469879 NA
"356" "2015-02-21" 295 175 102 3.33799652053358 0.71300183154838 2.76490618929572 0.510545277564891 NA
"355" "2015-02-14" 251 152 93 3.26641974384781 0.693768769547683 2.74615775283102 0.424266554527988 NA
"354" "2015-02-07" 263 159 92 3.3987294112058 0.648459902873275 2.71598200180967 0.433933887364277 NA
"353" "2015-01-31" 191 116 65 3.42624407751954 0.674505784411776 2.69736937821592 0.498177600492399 NA
"352" "2015-01-24" 272 163 99 3.37707236947962 0.715962368644521 2.72595077712215 0.451705994025572 NA
"351" "2015-01-17" 292 182 99 3.3328739244524 0.601363772675977 2.68537372597622 0.495388503479926 NA
"350" "2015-01-10" 210 128 72 3.27829800891766 0.599841285448126 2.63384519699661 0.429561050047955 NA
"349" "2015-01-03" 317 186 121 3.38407630967179 0.671356326282667 2.76389977518115 0.51327160879743 NA
"348" "2015-01-01" 371 231 130 3.33130801289262 0.666713157806446 2.76994763401277 0.45191018745774 NA
"347" "2014-12-27" 220 129 81 3.22807874352861 0.62866624035216 2.60366429693949 0.489606949906682 NA
"346" "2014-12-25" 195 123 66 3.48568400118551 0.638280480937073 2.84480326478564 0.416945208559107 NA
"345" "2014-12-20" 298 177 112 3.30084990401314 0.719724490039735 2.71809721795383 0.503473824747184 NA
"344" "2014-12-13" 226 139 79 3.38642646818021 0.570563615216426 2.8164264519691 0.433142851001285 NA
"343" "2014-12-06" 218 126 84 3.41296282549157 0.671397397594779 2.85359472434039 0.519425480271945 NA
"342" "2014-11-29" 242 146 85 3.43446820634079 0.650345064908748 2.79349693558695 0.485864578095554 NA
"341" "2014-11-22" 287 178 101 3.47802959907744 0.650569056025715 2.86812801163518 0.492792644798585 NA
"340" "2014-11-15" 265 164 86 3.42979894199845 0.604137807958794 2.80387394679906 0.478576973908296 NA
"339" "2014-11-08" 280 165 101 3.38256444097747 0.651179432892085 2.77449714181888 0.458798261760803 NA
"338" "2014-11-01" 269 155 102 3.34557437319275 0.700916894775297 2.68095533183829 0.516827093015514 NA
"337" "2014-10-25" 252 151 88 3.41898494022122 0.614662147579959 2.68673883462508 0.432331525233332 NA
"336" "2014-10-18" 248 142 96 3.39982348590048 0.598980139360944 2.70166878488242 0.4325141101734 NA
"335" "2014-10-11" 268 161 100 3.41648120104758 0.622277436726928 2.75081914168728 0.53503669933532 NA
"334" "2014-10-04" 252 153 89 3.34146147083893 0.647281567608738 2.65099459293448 0.435912118403596 NA
"333" "2014-09-27" 246 148 84 3.40843672312497 0.608542624988522 2.72214482434213 0.48560601602395 NA
"332" "2014-09-20" 291 161 107 3.44597736982705 0.618356334345093 2.72682487387322 0.459074357154805 NA
"331" "2014-09-13" 282 160 110 3.47078666793078 0.664278726522947 2.70606903000259 0.505122400539779 NA
"330" "2014-09-06" 236 130 79 3.49332734959775 0.64896376893343 2.68038697467729 0.465732549635572 NA
"329" "2014-08-30" 187 100 70 3.31838029121971 0.648072063118412 2.55151341125921 0.483941822662047 NA
"328" "2014-08-23" 258 142 96 3.39146671143687 0.626221593042741 2.66674467055908 0.482229672581742 NA
"327" "2014-08-16" 225 123 83 3.45522638863064 0.58241466053067 2.7349157336026 0.415509489044855 NA
"326" "2014-08-09" 264 138 104 3.41726040548029 0.626993098119237 2.63019964954247 0.471695869686007 NA
"325" "2014-08-02" 234 134 88 3.44209179482645 0.686782055333788 2.71229423598312 0.419150862851502 NA
"324" "2014-07-26" 315 186 109 3.3273549861469 0.643916354832221 2.76013576290031 0.49833516339574 NA
"323" "2014-07-19" 282 149 116 3.36834366944731 0.596964852740551 2.69518404553449 0.4557661299757 NA
"322" "2014-07-12" 227 139 81 3.33868446560114 0.66781279380327 2.72579604088952 0.380718701692348 NA
"321" "2014-07-05" 191 116 71 3.34005324293918 0.585706457372419 2.77960108919033 0.440000941372918 NA
"320" "2014-06-28" 250 140 98 3.33864434007686 0.680165556149973 2.75379027471332 0.39118099228278 NA
"319" "2014-06-21" 225 144 73 3.45237291760481 0.669658056824676 2.72832095939599 0.458783580485423 NA
"318" "2014-06-14" 244 143 89 3.3751334903599 0.634171942481918 2.75282398868434 0.389236044800222 NA
"317" "2014-06-07" 302 167 124 3.31805808843367 0.667766160007676 2.66735429887949 0.399661968670793 NA
"316" "2014-05-31" 235 137 94 3.34198180091996 0.611528285420601 2.66678599925374 0.43672784204121 NA
"315" "2014-05-24" 276 168 96 3.42838895080664 0.700696508471536 2.74485868187092 0.47937432833083 NA
"314" "2014-05-17" 291 162 118 3.30385138898075 0.663606926275523 2.61143551370569 0.410469225879011 NA
"313" "2014-05-10" 244 140 96 3.43942807539414 0.673686363483942 2.67169642692375 0.499294253381946 NA
"312" "2014-05-03" 296 160 127 3.37649978529505 0.696295638471782 2.71256619150792 0.496457595007691 NA
"311" "2014-04-26" 264 150 99 3.38994454188535 0.660108403385996 2.73691211594822 0.479036052542009 NA
"310" "2014-04-19" 259 152 90 3.46769721635661 0.673757266479383 2.81789399328315 0.381233400422046 NA
"309" "2014-04-12" 246 145 87 3.36836907647037 0.59375702207033 2.79129197414755 0.458109503853009 NA
"308" "2014-04-05" 276 143 110 3.37717002398966 0.696452850979956 2.68508227770134 0.456427714635201 NA
"307" "2014-03-29" 235 134 93 3.41878754783182 0.645940745319723 2.7370360680544 0.480176959207485 NA
"306" "2014-03-22" 307 178 110 3.40894188025811 0.697882603415657 2.75810315430759 0.444165292868853 NA
"305" "2014-03-15" 311 180 114 3.4750550699816 0.656383587888191 2.73110218497648 0.491737508228793 NA
"304" "2014-03-08" 265 150 100 3.38625824098978 0.65540654062997 2.75615220211927 0.441226682054056 NA
"303" "2014-03-01" 294 169 111 3.45786202391164 0.608737458452591 2.70273361690559 0.524286398220434 NA
"302" "2014-02-22" 272 165 96 3.42053243774263 0.69251200469612 2.64670147222192 0.419540008200437 NA
"301" "2014-02-15" 177 110 61 3.35867582854057 0.601329206972868 2.58152959789537 0.496155602667316 NA
"300" "2014-02-08" 346 206 127 3.33959951442567 0.620677584413541 2.64370405823892 0.448124596609384 NA
"299" "2014-02-01" 251 149 90 3.34126384599046 0.613987595116057 2.6409905519218 0.430677747613161 NA
"298" "2014-01-25" 275 159 104 3.37538726391965 0.626657695894397 2.6454162397499 0.399798598584888 NA
"297" "2014-01-18" 302 178 107 3.36264524209173 0.66653435869682 2.72298755181496 0.486006671829393 NA
"296" "2014-01-11" 251 155 85 3.30984729779106 0.611210767053297 2.61767194623845 0.401389119465075 NA
"295" "2014-01-04" 239 139 93 3.38708772661383 0.670131589391383 2.65291799941169 0.435496468424976 NA
"294" "2014-01-01" 305 191 106 3.28839696162902 0.67137222037909 2.67178060850313 0.528501484751379 NA
"293" "2013-12-28" 159 98 59 3.47223154529561 0.608217411080911 2.76160445575049 0.419639977816491 NA
"292" "2013-12-25" 113 74 37 3.42853914610094 0.685575104069343 2.844494217022 0.54883163443626 NA
"291" "2013-12-21" 211 131 75 3.26521491568997 0.756849779522483 2.67809587545167 0.477739622163577 NA
"290" "2013-12-14" 169 115 48 3.4145078723533 0.64967944665085 2.78730166271743 0.465492241594245 NA
"289" "2013-12-07" 174 111 58 3.52016912343048 0.683867555912927 2.80165175556154 0.451129583125399 NA
"288" "2013-11-30" 175 94 63 3.44064051482789 0.650923204413973 2.81156521689547 0.436547507770761 NA
"287" "2013-11-23" 225 142 74 3.48792552649011 0.57295806512144 2.89897176361709 0.448902779258952 NA
"286" "2013-11-16" 234 140 85 3.40748620759513 0.577724246483429 2.7206499761521 0.441966622861867 NA
"285" "2013-11-09" 242 146 85 3.47522119586304 0.619104020642022 2.71264012348457 0.459369831390913 NA
"284" "2013-11-02" 227 132 86 3.52799885282676 0.656589956571508 2.75888676725676 0.492871588077515 NA
"283" "2013-10-26" 242 135 93 3.42334085000716 0.564042588213222 2.62314753804881 0.437555982246389 NA
"282" "2013-10-19" 258 153 94 3.43848357530282 0.675275991509175 2.87935163654373 0.526821788970774 NA
"281" "2013-10-12" 267 157 100 3.42701701099504 0.648503870862808 2.70506262605924 0.520811909572848 NA
"280" "2013-10-05" 252 145 97 3.42708876360967 0.64055540926159 2.67596608244341 0.39913488761034 NA
"279" "2013-09-28" 264 143 109 3.43447145076087 0.6042255132667 2.61394695587594 0.496307263024341 NA
"278" "2013-09-21" 251 152 88 3.43653999083981 0.657809183359766 2.64538201911259 0.451011894505043 NA
"277" "2013-09-14" 296 168 116 3.40494951541419 0.65447702234772 2.69178038482161 0.542676140876167 NA
"276" "2013-09-07" 184 107 68 3.32925156079111 0.614331120531209 2.65625637099062 0.434933011311106 NA
"275" "2013-08-31" 300 163 123 3.42565505492595 0.658104254003896 2.72058688837693 0.507849794482523 NA
"274" "2013-08-24" 200 123 70 3.5450942732511 0.595925283905477 2.74057082341876 0.379067202508161 NA
"273" "2013-08-17" 235 140 85 3.41279779671859 0.591660782890049 2.63261559375931 0.470068333987009 NA
"272" "2013-08-10" 213 127 72 3.37255799908339 0.611043410339328 2.7195655598473 0.50281132677581 NA
"271" "2013-08-03" 220 130 79 3.40162149907077 0.713176254721808 2.71305978551617 0.558217795902464 NA
"270" "2013-07-27" 380 205 161 3.30301077903989 0.675543964570753 2.67862199406851 0.489592124058685 NA
"269" "2013-07-20" 212 138 68 3.40380054222815 0.619297222811222 2.71379058521559 0.478726686263669 NA
"268" "2013-07-13" 197 130 62 3.40787122694059 0.609179111434851 2.7287229325974 0.44565444121398 NA
"267" "2013-07-06" 172 108 53 3.34042750624064 0.653137152832873 2.8062287167211 0.5590936850595 NA
"266" "2013-06-29" 257 154 90 3.52026842989034 0.558038118396349 2.82301289077809 0.441010414185637 NA
"265" "2013-06-22" 238 144 90 3.46295631267125 0.638437640200971 2.76268798538071 0.551953761351512 NA
"264" "2013-06-15" 273 181 75 3.37639904184594 0.616861292092449 2.76516662688264 0.388500303838744 NA
"263" "2013-06-08" 305 170 122 3.33008464440432 0.629878064726973 2.72407658387199 0.539736340280842 NA
"262" "2013-06-01" 207 110 85 3.4212781207741 0.578768754393234 2.70643672322091 0.498407372741239 NA
"261" "2013-05-25" 285 175 99 3.44705260054243 0.649619195214771 2.80074836300254 0.506626592696316 NA
"260" "2013-05-18" 165 103 52 3.42815408163997 0.572666679109458 2.77486755191872 0.479757545219309 NA
"259" "2013-05-11" 273 164 90 3.46943898926278 0.609819608845603 2.72371994158034 0.46019847218931 NA
"258" "2013-05-04" 290 157 118 3.40264760225082 0.628325283275012 2.77912315637344 0.475145281094106 NA
"257" "2013-04-27" 253 141 95 3.46788870764156 0.500382995579782 2.72108639562703 0.478427193614445 NA
"256" "2013-04-20" 252 136 102 3.42887886349918 0.597433162496728 2.65314198093735 0.435818240691596 NA
"255" "2013-04-13" 316 180 122 3.41088066530203 0.674984014663855 2.71361516986056 0.460741355203853 NA
"254" "2013-04-06" 238 145 80 3.49908581727095 0.697363405089981 2.81732509074051 0.471237329145977 NA
"253" "2013-03-30" 215 144 59 3.44055080227971 0.578753945620742 2.78351258470195 0.39969347491204 NA
"252" "2013-03-23" 181 118 55 3.4247659227445 0.526708335040359 2.7525857559881 0.389647964711497 NA
"251" "2013-03-16" 248 145 80 3.44370195878301 0.626115079123955 2.73951519669339 0.505427956364125 NA
"250" "2013-03-09" 254 163 84 3.44310198190719 0.573823404883548 2.81473886521539 0.416760916559883 NA
"249" "2013-03-02" 240 155 75 3.44302685619342 0.596799239653274 2.83188217534521 0.555714112935964 NA
"248" "2013-02-23" 129 88 34 3.2708028956276 0.467452370588475 2.72536590520758 0.490953510243994 NA
"247" "2013-02-16" 248 163 77 3.40468729852726 0.665620584438053 2.74862572406771 0.479650234766602 NA
"246" "2013-02-09" 229 140 75 3.37197686300923 0.594087343439829 2.73326463880074 0.412846601554833 NA
"245" "2013-02-02" 165 104 57 3.04228530832399 0.521539422830292 2.55390004101613 0.451583505235448 NA
"244" "2013-01-26" 129 88 33 3.17240333627302 0.570827218945519 2.59980257821198 0.363235969342996 NA
"243" "2013-01-19" 101 69 29 3.3742887448198 0.549933543284122 2.61551029678425 0.515149868236318 NA
"242" "2013-01-12" 297 171 110 3.44648360109084 0.63087715160624 2.72335646487767 0.466860650301344 NA
"241" "2013-01-05" 222 126 88 3.34156170228076 0.664061220674008 2.72773641670875 0.483454070441213 NA
"240" "2012-12-29" 145 92 48 3.41495304850758 0.719228947124448 2.79237172935534 0.375691248400517 NA
"239" "2012-12-22" 207 124 72 3.36203597787028 0.712553195329101 2.83668027404065 0.596462639005627 NA
"238" "2012-12-15" 138 85 49 3.3860625536048 0.690940432455295 2.72640513264121 0.408437723564183 NA
"237" "2012-12-08" 182 114 66 3.27589598770324 0.67669857135339 2.6034905297543 0.455196159800598 NA
"236" "2012-12-01" 122 91 26 3.32331906787926 0.632281532194729 2.63021001277593 0.460360314430252 NA
"235" "2012-11-24" 163 105 51 3.24464582343299 0.655925096690021 2.58158558856499 0.428191804727201 NA
"234" "2012-11-17" 221 132 80 3.43097145883941 0.606165905195417 2.63481052997104 0.405908057505936 NA
"233" "2012-11-10" 220 131 77 3.50440272530313 0.749282493756563 2.62388040730045 0.436129747800857 NA
"232" "2012-11-03" 231 145 78 3.44632424558332 0.682166341136997 2.7048947483715 0.470360651321979 NA
"231" "2012-10-27" 169 105 55 3.44673016347204 0.634466642556294 2.78928886717708 0.524965140372877 NA
"230" "2012-10-20" 274 157 103 3.5438596879608 0.71546903680478 2.75780657432101 0.466858849612943 NA
"229" "2012-10-13" 234 137 80 3.33937561424051 0.658939737680782 2.79253076669447 0.484281160066897 NA
"228" "2012-10-06" 298 170 116 3.40196542601835 0.673173929478252 2.7694331873168 0.512155267194452 NA
"227" "2012-09-29" 221 130 78 3.35389145231939 0.680184464570373 2.67433588595829 0.426774036058735 NA
"226" "2012-09-22" 268 165 91 3.48620568661273 0.658854331685452 2.72143675696833 0.497383851735768 NA
"225" "2012-09-15" 263 154 89 3.32474074634497 0.680663926541087 2.6971714466755 0.589090784922586 NA
"224" "2012-09-08" 300 179 103 3.39599540331088 0.681424015899329 2.65260347728632 0.482530290843835 NA
"223" "2012-09-01" 204 126 73 3.2687239750163 0.711355833578917 2.59429119354374 0.446833999752491 NA
"222" "2012-08-25" 251 160 84 3.44433406984183 0.652136964518486 2.82175878337271 0.449514672600463 NA
"221" "2012-08-18" 242 149 80 3.37563841748782 0.644724661701876 2.60542919608238 0.52295726939797 NA
"220" "2012-08-11" 224 135 78 3.29680297606029 0.649158014050735 2.65316040935825 0.511270185398704 NA
"219" "2012-08-04" 278 155 105 3.46886100387489 0.727691112356445 2.77453563873718 0.516972090829157 NA
"218" "2012-07-28" 226 125 89 3.40329072650348 0.712324057112521 2.64851246913781 0.469743365800798 NA
"217" "2012-07-21" 224 138 81 3.36908801473036 0.693116732145411 2.75666940020198 0.509654085291733 NA
"216" "2012-07-14" 234 135 81 3.38400498277321 0.716601938369839 2.78252976956981 0.52063632979062 NA
"215" "2012-07-07" 207 125 73 3.39476698516424 0.694425038585252 2.72053369586501 0.465985057795826 NA
"214" "2012-06-30" 260 142 108 3.34120645060214 0.643641803206074 2.67713595299099 0.516610618834907 NA
"213" "2012-06-23" 252 165 81 3.36190748028227 0.62523830306559 2.73362945831836 0.512211416832026 NA
"212" "2012-06-16" 209 136 62 3.51262993630109 0.612225624416003 2.78545719078084 0.46513242131343 NA
"211" "2012-06-09" 269 156 100 3.43921216818414 0.652622756464269 2.73577679494024 0.465149920186209 NA
"210" "2012-06-02" 303 159 127 3.37470575435298 0.734929700982295 2.71383240514469 0.489110602146543 NA
"209" "2012-05-26" 294 166 115 3.40039994307456 0.704225124094163 2.69898425679682 0.491195297670341 NA
"208" "2012-05-19" 259 156 92 3.54970520268792 0.623306897305033 2.67772950177485 0.417022861171843 NA
"207" "2012-05-12" 274 162 99 3.4107331023655 0.546818543675818 2.64563951174187 0.517003528164579 NA
"206" "2012-05-05" 292 157 119 3.38116260430478 0.62494511282706 2.63334265743839 0.504796841882897 NA
"205" "2012-04-28" 274 156 104 3.36432339517648 0.659131494688338 2.73153351833304 0.399065194322142 NA
"204" "2012-04-21" 314 175 127 3.48400932735329 0.657255487178698 2.71718553923456 0.456685662868112 NA
"203" "2012-04-14" 196 121 65 3.49483475656458 0.579452656576263 2.76733518173999 0.550404077949516 NA
"202" "2012-04-07" 331 192 131 3.46043018891065 0.664658111562253 2.78514378733353 0.556590395421149 NA
"201" "2012-03-31" 274 146 113 3.46284246203578 0.601974699712254 2.68856037449238 0.484690995281823 NA
"200" "2012-03-24" 299 174 117 3.54695856760601 0.618015951439901 2.85299834381588 0.549741917853786 NA
"199" "2012-03-17" 308 154 126 3.54805874915156 0.656717121717036 2.78149764544028 0.545777989025175 NA
"198" "2012-03-10" 340 193 125 3.51098295085823 0.713619006753797 2.75718661250882 0.454174611457398 NA
"197" "2012-03-03" 353 199 134 3.48682841271863 0.610623011797243 2.79935951536287 0.516989460046067 NA
"196" "2012-02-25" 315 188 117 3.49818319171623 0.579820718033042 2.79468748697664 0.460812369396468 NA
"195" "2012-02-18" 308 181 117 3.37439707108099 0.591706079804304 2.76627646172245 0.47627471336638 NA
"194" "2012-02-11" 273 171 92 3.41154693596375 0.596702602208802 2.69879586986919 0.556796869143537 NA
"193" "2012-02-04" 280 167 103 3.43405020873429 0.59446471102717 2.74329024901746 0.587020833413222 NA
"192" "2012-01-28" 278 159 104 3.2877581789813 0.63523794837428 2.60951294221607 0.454621638609746 NA
"191" "2012-01-21" 329 183 128 3.36881589751565 0.602377796474235 2.79957538564621 0.543532444065274 NA
"190" "2012-01-14" 292 170 114 3.42571884048268 0.605038448376308 2.67701745445156 0.545492749447893 NA
"189" "2012-01-07" 314 186 114 3.4006088647957 0.603739515392604 2.7407461724542 0.52023162085141 NA
"188" "2011-12-31" 247 165 70 3.45725672266999 0.667121125514341 2.78343682645986 0.510285030981644 NA
"187" "2011-12-24" 295 185 95 3.45552287498874 0.675745730908575 2.78005324631888 0.598957168626632 NA
"186" "2011-12-17" 266 160 85 3.04492259709058 0.672847332151371 2.4470476435859 0.442269462022757 NA
"185" "2011-12-10" 232 142 78 3.35602825587809 0.639248787961885 2.7425542880865 0.483260412662707 NA
"184" "2011-12-03" 252 156 87 3.41674078999339 0.663702893365479 2.61664248926022 0.505880498819657 NA
"183" "2011-11-26" 281 168 96 3.46785205950031 0.601886880242595 2.7863355825617 0.492066775342506 NA
"182" "2011-11-19" 331 186 124 3.46248781057804 0.643044968996289 2.7704601744315 0.542612948202602 NA
"181" "2011-11-12" 347 202 118 3.43484341262779 0.594109747839309 2.6260339088583 0.496520951736479 NA
"180" "2011-11-05" 289 178 104 3.51108878811524 0.611254314880307 2.71947655170052 0.49349086869781 NA
"179" "2011-10-29" 323 177 136 3.40001239019249 0.563572825017961 2.78329801666984 0.497980234436077 NA
"178" "2011-10-22" 301 158 129 3.38470120160711 0.57483246808167 2.65666292082157 0.535566216085148 NA
"177" "2011-10-15" 356 201 132 3.45379936664631 0.633128062233945 2.70815204190175 0.473085497220779 NA
"176" "2011-10-08" 338 181 145 3.39150031951523 0.546271868893719 2.7016013279155 0.489842018193963 NA
"175" "2011-10-01" 327 188 122 3.3632806275747 0.620926640423721 2.6783902324934 0.525625481135435 NA
"174" "2011-09-24" 316 187 114 3.40721871594813 0.604171545985432 2.66581138515864 0.504869830685446 NA
"173" "2011-09-17" 306 182 112 3.37758066118933 0.652357244003059 2.65636263229346 0.443291062520434 NA
"172" "2011-09-10" 274 152 110 3.25196061468603 0.648267029633331 2.6619539965265 0.533967563633655 NA
"171" "2011-09-03" 214 125 76 3.22637636639153 0.616321980323776 2.51488517464906 0.543093405195554 NA
"170" "2011-08-27" 302 196 98 3.43141663387658 0.629380233256074 2.7587925288307 0.528986711490659 NA
"169" "2011-08-20" 286 169 102 3.32513055174101 0.616226225425606 2.73460934440694 0.510392016628917 NA
"168" "2011-08-13" 278 156 107 3.36159989353078 0.615033951808572 2.75317811005716 0.562653388880677 NA
"167" "2011-08-06" 298 186 94 3.35224401205135 0.64437655058618 2.88054745534815 0.610209425498898 NA
"166" "2011-07-30" 290 178 95 3.41880256185155 0.660800333154844 2.78401961918522 0.570291292993922 NA
"165" "2011-07-23" 299 177 100 3.49696371107884 0.668854599520787 2.83917442523351 0.528428082912239 NA
"164" "2011-07-16" 149 88 50 3.43161496601265 0.719416734039056 2.67741320276817 0.549101345643209 NA
"163" "2011-07-09" 328 189 126 3.4664513784591 0.642836463252711 2.75433576104623 0.596078568723939 NA
"162" "2011-07-02" 318 185 127 3.35759854921172 0.585044869359943 2.69169975617044 0.495382999375526 NA
"161" "2011-06-25" 293 170 108 3.4311542539436 0.58028237901657 2.77903249768868 0.567720695675406 NA
"160" "2011-06-18" 295 168 114 3.48138932433588 0.682136314025395 2.76501007895856 0.514403195467858 NA
"159" "2011-06-11" 305 185 110 3.41506224037437 0.580368602140339 2.70403818029648 0.514351212696441 NA
"158" "2011-06-04" 313 177 120 3.47885743441625 0.608387385468345 2.81920925900993 0.496590106482989 NA
"157" "2011-05-28" 292 181 95 3.43346258262144 0.590658379241759 2.75876324069147 0.513732312487528 NA
"156" "2011-05-21" 291 156 111 3.47293462426628 0.555516280552958 2.8914563453726 0.495376771888035 NA
"155" "2011-05-14" 235 138 87 3.45454855715803 0.584693900338842 2.71106059676754 0.499948539723626 NA
"154" "2011-05-07" 300 179 109 3.43884863151182 0.63924268894281 2.79348001638416 0.427050895154785 NA
"153" "2011-04-30" 259 154 96 3.39648731394288 0.600116222631179 2.85316795438184 0.603303512787141 NA
"152" "2011-04-23" 305 182 116 3.39735312512419 0.616705638538701 2.79117619452198 0.455046755667521 NA
"151" "2011-04-16" 268 160 95 3.47883319405839 0.61464351953452 2.84607162545605 0.4133921998423 NA
"150" "2011-04-09" 275 163 103 3.44775297272516 0.61427844804827 2.84200758034572 0.451955389907842 NA
"149" "2011-04-02" 260 145 102 3.42713746242488 0.574214164784573 2.8031978523278 0.493150286910054 NA
"148" "2011-03-26" 221 145 68 3.42527505429325 0.575623867720754 2.85556566533025 0.472317801073731 NA
"147" "2011-03-19" 288 165 109 3.48798442495035 0.621279543978902 2.94277667669474 0.467576494160419 NA
"146" "2011-03-12" 247 157 84 3.47227252779669 0.626012834278215 2.80720315227573 0.457426722112113 NA
"145" "2011-03-05" 285 161 112 3.5594375860485 0.618186795554759 2.88153070740381 0.506394136683489 NA
"144" "2011-02-26" 240 141 91 3.51756815882946 0.583825123966272 2.83489819138535 0.427662052063952 NA
"143" "2011-02-19" 241 142 87 3.52812015742883 0.552193877098404 2.89700890101343 0.421558462030001 NA
"142" "2011-02-12" 242 150 85 3.57150996348347 0.555138565161546 2.89048313868218 0.5155372557565 NA
"141" "2011-02-05" 223 130 84 3.50015469969024 0.582716799373974 2.81074472737579 0.441650393215261 NA
"140" "2011-01-29" 245 158 82 3.588124454424 0.636537485067214 2.77418177666794 0.441412424166934 NA
"139" "2011-01-22" 236 152 71 3.43282580464036 0.611305303169993 2.86775625869445 0.546866830222315 NA
"138" "2011-01-15" 199 122 68 3.37613100226928 0.599887949911307 2.79079251619699 0.448097872149164 NA
"137" "2011-01-08" 180 117 59 3.38936634541765 0.568314192605589 2.83535215836205 0.506810873506467 NA
"136" "2011-01-01" 98 68 28 3.50959538182654 0.620618340903197 2.90939501436592 0.619003093950078 NA
"135" "2010-12-25" 69 40 26 3.17518101462321 0.471848541788901 2.68417063784698 0.322545232890325 NA
"134" "2010-12-18" 119 80 38 3.35554996575705 0.672303485183589 2.70890063081313 0.480102928787762 NA
"133" "2010-12-11" 15 9 6 3.56117474578992 0.795426142375987 2.16994291282892 0.242479788757382 NA
"132" "2010-12-04" 79 61 17 3.15705850014725 0.540692610031885 2.56534804115535 0.328099047913849 NA
"131" "2010-11-27" 94 65 29 3.27220627550216 0.469840299606372 2.7058560299275 0.371600040449988 NA
"130" "2010-11-20" 219 146 72 3.51491567528934 0.598928554059803 2.91694549052335 0.440628240164675 NA
"129" "2010-11-13" 235 139 91 3.53954272282164 0.613341384606517 2.80987110741389 0.499638502848285 NA
"128" "2010-11-06" 204 132 71 3.52633217014929 0.58720794486571 2.79788919052482 0.459362717411075 NA
"127" "2010-10-30" 213 134 73 3.42663083751857 0.62229018138538 2.6385316031804 0.416527380386698 NA
"126" "2010-10-23" 204 132 70 3.53667253058118 0.598459729782035 2.76550490044112 0.528083210729717 NA
"125" "2010-10-16" 203 124 77 3.55834356097793 0.536043660643228 2.81232696267108 0.489759388727582 NA
"124" "2010-10-09" 225 138 83 3.47228015539886 0.566176235968605 2.81387062888556 0.495616400923079 NA
"123" "2010-10-02" 244 146 89 3.51591851486986 0.588178288612912 2.76560393390145 0.471155973432649 NA
"122" "2010-09-25" 245 157 81 3.56065793178183 0.590392112119652 2.86931401974597 0.507297163704935 NA
"121" "2010-09-18" 236 148 85 3.57152283059134 0.617132874816941 2.79262247653519 0.547054251875996 NA
"120" "2010-09-11" 211 134 71 3.41456783472643 0.559164067285645 2.81329232033132 0.424534002569824 NA
"119" "2010-09-04" 147 102 44 3.49815645751298 0.591760922764472 2.95004047827592 0.411585972059145 NA
"118" "2010-08-28" 221 129 88 3.57658664471051 0.594251190219862 2.87656807926048 0.504309392476176 NA
"117" "2010-08-21" 180 107 71 3.44853790234429 0.583404800565813 2.70884949725713 0.475995288229531 NA
"116" "2010-08-14" 200 127 70 3.56495880552774 0.59648880356232 2.79260424267599 0.453552743019721 NA
"115" "2010-08-07" 168 108 52 3.43384101580111 0.54142436217542 2.77556975075456 0.47185115893125 NA
"114" "2010-07-31" 150 82 52 3.37734135055845 0.628172142746635 2.67334018180361 0.474144406237357 NA
"113" "2010-07-24" 232 153 71 3.4539016872884 0.570244359810947 2.78137867308246 0.456717273877317 NA
"112" "2010-07-17" 229 136 82 3.44917595655734 0.616137096677584 2.74275190430242 0.514826900624386 NA
"111" "2010-07-10" 200 122 76 3.39959139690317 0.649492866045259 2.77637824058275 0.534752213140293 NA
"110" "2010-07-03" 208 131 76 3.48018031714983 0.639893624973425 2.74555578122678 0.400788265412315 NA
"109" "2010-06-26" 227 136 84 3.45640174030873 0.620273610705238 2.74948483626501 0.456143389437749 NA
"108" "2010-06-19" 162 92 58 3.49723793671499 0.69360612267303 2.7094737230351 0.441552600377796 NA
"107" "2010-06-12" 200 115 85 3.43877313452667 0.609257043338188 2.81013450883617 0.671535850785055 NA
"106" "2010-06-05" 210 137 73 3.47057911907672 0.645585453522182 2.77090802415726 0.402925721717212 NA
"105" "2010-05-29" 244 138 102 3.44420122585438 0.628666466050474 2.74663389211818 0.553263759734483 NA
"104" "2010-05-22" 244 141 97 3.48611462424662 0.62776356069517 2.70688539239253 0.479560113656124 NA
"103" "2010-05-15" 196 115 78 3.59490415436392 0.606143242117284 2.72099353781508 0.43388432837162 NA
"102" "2010-05-08" 214 135 74 3.55887050953645 0.642146966085756 2.74643664517716 0.443475240167284 NA
"101" "2010-05-01" 192 122 68 3.39679981084161 0.623199446448694 2.64229616438514 0.39337796923695 NA
"100" "2010-04-24" 217 133 81 3.53507151569297 0.582567048402195 2.77147139967542 0.524516311728262 NA
"99" "2010-04-17" 189 111 75 3.50694661710551 0.628712787520174 2.87063639058959 0.598608931032393 NA
"98" "2010-04-10" 194 118 73 3.56744869234597 0.607309245690837 2.79083314204495 0.501455909535751 NA
"97" "2010-04-03" 153 97 53 3.563401225629 0.656578733587767 2.90313270719374 0.460280294737178 NA
"96" "2010-03-27" 142 89 51 3.47309684938661 0.599303101055487 2.87280339342092 0.501394690544359 NA
"95" "2010-03-20" 164 104 58 3.55878045476397 0.638701052179166 2.94005853648846 0.57818947322481 NA
"94" "2010-03-13" 171 106 62 3.65924716154015 0.634994265647717 2.77106876225261 0.461560623806849 NA
"93" "2010-03-06" 187 104 69 3.65147980761027 0.646366760062796 2.98209837046981 0.682686313376659 NA
"92" "2010-02-27" 167 110 54 3.50848892465322 0.677354688666066 2.85523796978219 0.581104367299528 NA
"91" "2010-02-20" 190 122 64 3.54146068938054 0.629924005947873 2.84654409340703 0.547503203372404 NA
"90" "2010-02-13" 141 82 56 3.6249623603822 0.653597675547578 2.93788231560434 0.626890125091053 NA
"89" "2010-02-06" 154 96 53 3.4696654482094 0.574462956551422 2.83266220900548 0.501907640649681 NA
"88" "2010-01-30" 88 52 33 3.34162442813291 0.681041898870334 2.68225183614895 0.49815973429537 NA
"87" "2010-01-23" 149 95 53 3.58132867812889 0.63861301696766 2.76704660737193 0.454936709338445 NA
"86" "2010-01-16" 101 73 28 3.5048197065766 0.54249789988714 2.79242763665247 0.500429743879453 NA
"85" "2010-01-09" 44 30 14 2.8463848313446 0.425571431847013 2.15277764300965 0.36629288445561 NA
"84" "2010-01-02" 68 45 19 3.23157563992881 0.621865917550607 2.67400339500631 0.581834678158937 NA
"83" "2009-12-26" 46 29 14 3.19012448487873 0.500612405562942 2.66578818186497 0.480323384385301 NA
"82" "2009-12-19" 120 73 47 3.27295471226105 0.628277499403383 2.59365689566274 0.591558203155179 NA
"81" "2009-12-12" 133 75 53 3.60614860463908 0.683892407741299 2.80970413107208 0.49177640626636 NA
"80" "2009-12-05" 120 81 37 3.57781275509948 0.519734242263719 2.86701473501785 0.49752842330198 NA
"79" "2009-11-28" 127 85 41 3.5936870413369 0.634364115541818 2.93991625908619 0.591656915423145 NA
"78" "2009-11-21" 151 93 55 3.64567994270216 0.666025787866168 2.76819945468028 0.544768703147989 NA
"77" "2009-11-14" 145 91 52 3.56797969127488 0.633498743339616 2.85015795131215 0.564400895492237 NA
"76" "2009-11-07" 151 96 51 3.5474907231355 0.631117631364781 2.79853711357363 0.532898249314403 NA
"75" "2009-10-31" 176 112 64 3.60678258294384 0.621706966353 2.76231950263658 0.617494450021426 NA
"74" "2009-10-24" 148 91 56 3.58226945936829 0.593770051317271 2.76537053551099 0.45971866519861 NA
"73" "2009-10-17" 157 102 55 3.55265087612685 0.675188899865377 2.68571682106481 0.499761833389468 NA
"72" "2009-10-10" 161 96 65 3.54415343680658 0.646283345058327 2.71026707671329 0.492189713991602 NA
"71" "2009-10-03" 167 90 73 3.51170130733827 0.596707283760902 2.71044628420064 0.528269719409063 NA
"70" "2009-09-26" 172 112 57 3.66129138807744 0.637537071455426 2.73961032131723 0.540715202310133 NA
"69" "2009-09-19" 140 88 47 3.64321811649307 0.604990216744028 2.71783682372891 0.497145482523085 NA
"68" "2009-09-12" 136 84 52 3.5541864717514 0.581075064961837 2.86664399666152 0.496536433935459 NA
"67" "2009-09-05" 74 45 29 3.58344283476864 0.786082164568814 2.79428497862765 0.717917511380633 NA
"66" "2009-08-29" 139 82 55 3.71536263541015 0.554710694492109 2.84717429651223 0.467166828554612 NA
"65" "2009-08-22" 102 54 48 3.62505899387786 0.634238125468134 2.85644012288018 0.577039669572574 NA
"64" "2009-08-15" 123 75 46 3.57904670678773 0.618387757641237 2.75356299333838 0.554774197795767 NA
"63" "2009-08-08" 129 64 64 3.62243287700716 0.622616669161994 2.73548388009888 0.606886996426418 NA
"62" "2009-08-01" 126 72 53 3.50412354725209 0.564813408407508 2.79335785695894 0.460617533743924 NA
"61" "2009-07-25" 118 66 52 3.48308971631451 0.565336991412576 2.83158420560516 0.571745980915431 NA
"60" "2009-07-18" 108 81 27 3.6154582636049 0.586180457565941 2.93015929227804 0.345793699340136 NA
"59" "2009-07-11" 133 85 48 3.61549009459124 0.551862587453187 2.73304434358483 0.513098524410862 NA
"58" "2009-07-04" 130 77 52 3.58323852569456 0.552418835710588 2.8154872452171 0.55498562884683 NA
"57" "2009-06-27" 119 75 44 3.67649267151755 0.657714898354627 2.98881923715987 0.709803677742048 NA
"56" "2009-06-20" 105 69 36 3.58694968020472 0.602395702359179 2.79726529367023 0.556759060687097 NA
"55" "2009-06-13" 130 83 46 3.69391434794183 0.642859864750694 2.84354787805163 0.558486407569081 NA
"54" "2009-06-06" 104 67 36 3.60864272283354 0.594321524852801 2.77818196074538 0.402100995570777 NA
"53" "2009-05-30" 109 64 43 3.63203834522733 0.64886455522552 2.90236392643361 0.551892064250329 NA
"52" "2009-05-23" 143 85 56 3.60961952402344 0.620474640268267 2.88956941894768 0.581588011346314 NA
"51" "2009-05-16" 125 77 48 3.6431613401871 0.62262264399397 2.90515033783596 0.577007626911325 NA
"50" "2009-05-09" 118 73 44 3.74494966356331 0.691838167479067 2.95347302600859 0.46301510656076 NA
"49" "2009-05-02" 133 86 46 3.67731495925776 0.66267125154648 2.81977774272699 0.458121695089188 NA
"48" "2009-04-25" 117 82 35 3.62543904142659 0.634524419099909 3.01043480960234 0.595425232060913 NA
"47" "2009-04-18" 87 58 29 3.47460259676834 0.56759740697891 2.88756997719677 0.49009250628015 NA
"46" "2009-04-11" 88 55 33 3.76528613570672 0.634033726151629 2.92354557109178 0.449548930562278 NA
"45" "2009-04-04" 91 60 30 3.64891105811409 0.579830976476299 2.98686482859189 0.462092468000273 NA
"44" "2009-03-28" 60 40 20 3.67441204528733 0.655317366713683 3.12139050265479 0.532906684556266 NA
"43" "2009-03-21" 99 68 31 3.68458943520585 0.630811721727233 3.03348693032207 0.53566277280103 NA
"42" "2009-03-14" 85 56 29 3.6489507404226 0.619825880445284 2.85004975457143 0.499027915509094 NA
"41" "2009-03-07" 96 62 33 3.5514055516869 0.641966907403104 2.8932163977809 0.564021352630584 NA
"40" "2009-02-28" 62 39 21 3.68672233152507 0.667967628058824 3.12479944833166 0.637149522552477 NA
"39" "2009-02-21" 68 42 26 3.55386825235292 0.551022630122176 2.87385616309064 0.682009204381125 NA
"38" "2009-02-14" 56 41 15 3.66951564361566 0.671067155192208 2.81856933295405 0.511346030732191 NA
"37" "2009-02-07" 40 28 12 3.76596454501279 0.686342517132644 3.42566237086763 0.582835064314528 NA
"36" "2009-01-31" 56 37 19 3.91946758082523 0.592451817550551 3.35493920792419 0.681076996974527 NA
"35" "2009-01-24" 55 35 20 3.62160379386289 0.614737776897383 2.84990454569762 0.575038911193064 NA
"34" "2009-01-17" 55 37 18 3.69144229567467 0.674478180483668 3.08823691961397 0.546465350535857 NA
"33" "2009-01-10" 69 44 24 3.76394366938068 0.56816833893163 3.1253434298806 0.608348355571357 NA
"32" "2009-01-03" 58 41 17 3.65317817420957 0.557273398806163 2.98706458266451 0.483417091263256 NA
"31" "2008-12-27" 51 34 17 3.68169346348874 0.496545936397592 2.89594432726419 0.646119716327293 NA
"30" "2008-12-20" 39 25 14 3.6054652748046 0.572968022677124 2.83459039189277 0.489322513231651 NA
"29" "2008-12-13" 60 38 20 3.44711219787046 0.631034587451457 2.87222977165289 0.580693854047513 NA
"28" "2008-12-06" 44 24 19 3.730415281612 0.566360772775215 2.78570972221439 0.466387675589042 NA
"27" "2008-11-29" 55 38 16 3.63969623212662 0.580502919285996 2.98746397036303 0.547680355623569 NA
"26" "2008-11-22" 52 34 16 3.50737634431693 0.588830433179496 3.11598549038414 0.758355864967885 NA
"25" "2008-11-15" 48 34 14 3.71356793485295 0.67852197145674 2.97069549624885 0.558630484654641 NA
"24" "2008-11-08" 36 26 10 3.64778168994038 0.526025644442499 2.68630919499575 0.535112222922582 NA
"23" "2008-11-01" 44 30 14 3.59009329226085 0.577579729946461 3.06712515917123 0.417234873946372 NA
"22" "2008-10-25" 44 30 14 3.6974900932346 0.503455920717467 3.05733493825271 0.480954842020345 NA
"21" "2008-10-18" 50 37 12 3.79827692326254 0.538485774509772 2.86779961955983 0.552995403695238 NA
"20" "2008-10-11" NA NA NA NA NA NA NA NA
"19" "2008-10-04" NA NA NA NA NA NA NA NA
"18" "2008-09-27" NA NA NA NA NA NA NA NA
"17" "2008-09-20" NA NA NA NA NA NA NA NA
"16" "2008-09-13" NA NA NA NA NA NA NA NA
"15" "2008-09-06" NA NA NA NA NA NA NA NA
"14" "2008-08-30" NA NA NA NA NA NA NA NA
"13" "2008-08-23" NA NA NA NA NA NA NA NA
"12" "2008-08-16" NA NA NA NA NA NA NA NA
"11" "2008-08-09" NA NA NA NA NA NA NA NA
"10" "2008-08-02" NA NA NA NA NA NA NA NA
"9" "2008-07-26" NA NA NA NA NA NA NA NA
"8" "2008-07-19" NA NA NA NA NA NA NA NA
"7" "2008-07-12" NA NA NA NA NA NA NA NA
"6" "2008-07-05" NA NA NA NA NA NA NA NA
"5" "2008-06-28" NA NA NA NA NA NA NA NA
"4" "2008-06-21" NA NA NA NA NA NA NA NA
"3" "2008-06-14" NA NA NA NA NA NA NA NA
"2" "2008-06-07" NA NA NA NA NA NA NA NA
"1" "2008-05-31" NA NA NA NA NA NA NA NA
