"date" "athletes" "maleAthletes" "femaleAthletes" "maleSpeedMean" "maleSpeedSD" "femaleSpeedMean" "femaleSpeedSD" "extraTime"
"360" "2019-02-16" 350 192 146 3.25451458476777 0.617854779837206 2.72983720274492 0.402638106767742 NA
"359" "2019-02-09" 222 133 82 3.10371717321427 0.555536737166154 2.53941392525437 0.416271601784655 NA
"358" "2019-01-26" 325 182 139 3.14186792296453 0.60365206208093 2.58375906761465 0.387455584891926 NA
"357" "2019-01-19" 316 167 142 3.15458390348934 0.604171685009289 2.56530142325272 0.424125445093235 NA
"356" "2019-01-12" 363 194 161 3.19995320885833 0.572829815467703 2.66244166806436 0.431626701865908 NA
"355" "2019-01-05" 318 176 138 3.16380456860596 0.57918831269144 2.6507713801156 0.461325358630508 NA
"354" "2019-01-01" 384 214 166 3.1288443897118 0.622813874431907 2.66041065011259 0.396939463142251 NA
"353" "2018-12-29" 265 163 96 3.16511553177047 0.572638186857484 2.6557782912709 0.408316642278991 NA
"352" "2018-12-25" 323 177 134 3.33407367904219 0.652759410348613 2.79584135337003 0.433039565079799 NA
"351" "2018-12-22" 224 127 91 3.2390087671235 0.598278797043128 2.76425385643949 0.41276687202476 NA
"350" "2018-12-15" 198 121 76 3.2263714122934 0.613356234908964 2.69994267502682 0.418508739081136 NA
"349" "2018-12-08" 198 116 77 3.18697312813546 0.561494485029886 2.65627849335031 0.434096824469659 NA
"348" "2018-12-01" 215 136 77 3.28776480396971 0.550920713161243 2.68915643345409 0.392359536341956 NA
"347" "2018-11-24" 294 164 125 3.25068951828783 0.594666597608642 2.55811498409651 0.461173733647173 NA
"346" "2018-11-17" 273 152 116 3.15751504325797 0.562586656685339 2.62397251138278 0.427526420748512 NA
"345" "2018-11-10" 242 135 102 3.16009093311409 0.598444341433715 2.70087899651137 0.468285331823511 NA
"344" "2018-11-03" 254 149 102 3.25505842030973 0.570559082275978 2.66014826617724 0.444415880051837 NA
"343" "2018-10-27" 146 82 62 3.22133528950139 0.518298497844182 2.72529485956925 0.424005623855427 NA
"342" "2018-10-20" 244 141 93 3.25338896507506 0.664540188621488 2.65007214996625 0.441526648630607 NA
"341" "2018-10-13" 184 99 81 3.20319884499927 0.5937347317183 2.71677782586331 0.464762091247035 NA
"340" "2018-10-06" 212 120 90 3.29446587694519 0.562386698553775 2.7600667367423 0.371151792047972 NA
"339" "2018-09-29" 209 121 86 3.22242224383065 0.641202109140052 2.69141104284376 0.418032596651677 NA
"338" "2018-09-22" 240 135 99 3.27684030273816 0.599697997530267 2.67127326109819 0.457305254230189 NA
"337" "2018-09-15" 241 137 99 3.21444937107697 0.601335974481904 2.67624183799065 0.440814603552649 NA
"336" "2018-09-08" 211 123 83 3.24734618813476 0.548357153092611 2.67953370397741 0.501337036268878 NA
"335" "2018-09-01" 239 148 86 3.29411869025715 0.564262856878729 2.64107923761606 0.408480019954045 NA
"334" "2018-08-25" 275 147 123 3.27781692061232 0.596597455477451 2.61709688801011 0.497600587137542 NA
"333" "2018-08-11" 198 106 85 3.25980072685574 0.490356092538522 2.69368875400583 0.50621154606593 NA
"332" "2018-08-04" 252 132 115 3.2403560223242 0.599083424448725 2.5615270435081 0.431393108584307 NA
"331" "2018-07-28" 250 152 93 3.33618066563455 0.633847698531121 2.61387589746775 0.413268440812093 NA
"330" "2018-07-21" 289 170 112 3.31044199316242 0.570878744492463 2.70351252051027 0.458510309564383 NA
"329" "2018-07-14" 254 154 95 3.28551702758853 0.5888202848083 2.69954849602193 0.462291755179514 NA
"328" "2018-07-07" 280 164 109 3.14721812095022 0.600460616776662 2.61009777315693 0.443395394673165 NA
"327" "2018-06-30" 212 124 85 3.28477290889582 0.581696778574806 2.73304458249614 0.463822652011099 NA
"326" "2018-06-23" 245 147 96 3.33480807486214 0.621337346327308 2.676658714561 0.447167928334943 NA
"325" "2018-06-16" 279 173 98 3.4439449485608 0.608818278880966 2.77331473073391 0.486782715753978 NA
"324" "2018-06-09" 226 127 94 3.27010719007713 0.528780707123624 2.63010897348067 0.394700547891961 NA
"323" "2018-06-02" 279 150 119 3.15292741678042 0.573233566886124 2.67826168465838 0.395134006233365 NA
"322" "2018-05-26" 266 138 122 3.18226491783189 0.61243275974421 2.66701820023703 0.442541117393226 NA
"321" "2018-05-19" 264 144 110 3.16393426632993 0.61474275550637 2.59727151672751 0.468523512225657 NA
"320" "2018-05-12" 249 147 98 3.32060456043603 0.591537704167021 2.63828126504208 0.472761521116489 NA
"319" "2018-05-05" 285 157 125 3.26043988619019 0.556402679480456 2.64996756575291 0.45020059195104 NA
"318" "2018-04-28" 234 133 101 3.26445002220746 0.587879379729043 2.6935828608598 0.416514563030444 NA
"317" "2018-04-21" 260 140 115 3.27511198910504 0.566222495279823 2.56788832658741 0.521115416836249 NA
"316" "2018-04-14" 316 166 142 3.21258501175417 0.537622703279821 2.63538614802166 0.404742741259163 NA
"315" "2018-04-07" 266 148 114 3.27128844828483 0.613207928557463 2.6517390655451 0.449284944556335 NA
"314" "2018-03-31" 206 114 86 3.2605139906389 0.558125822865971 2.75988288989284 0.441012754277881 NA
"313" "2018-03-24" 232 131 94 3.27324512372869 0.609317971362283 2.64872204736214 0.404232765453173 NA
"312" "2018-03-17" 219 124 92 3.1718762617667 0.578845604641866 2.6310066595646 0.352082913265546 NA
"311" "2018-03-10" 189 104 77 3.244454165604 0.544723140411167 2.61149707635828 0.400028062695831 NA
"310" "2018-02-24" 242 131 105 3.26853301865837 0.525748235973172 2.69103624029743 0.360078664095636 NA
"309" "2018-02-17" 293 160 129 3.2684907321808 0.584440458551882 2.60901764486145 0.380032636430431 NA
"308" "2018-02-10" 321 180 140 3.20770450009519 0.513069702381398 2.62001105978324 0.355583391557975 NA
"307" "2018-02-03" 223 131 89 3.26947395100917 0.574001917578983 2.64034981804265 0.395114184149996 NA
"306" "2018-01-27" 274 148 125 3.19889812840264 0.564497654946219 2.5557421846757 0.361509291096821 NA
"305" "2018-01-13" 259 128 122 3.20147735489144 0.515181391162194 2.58876599730833 0.432675125653335 NA
"304" "2018-01-06" 204 106 94 3.19359509116519 0.547266025892672 2.51365356316817 0.382760356452584 NA
"303" "2018-01-01" 323 176 142 3.2161565519686 0.543694327162665 2.62822342845099 0.41983598665979 NA
"302" "2017-12-30" 207 132 72 3.12201125645345 0.539506272214035 2.63051583087329 0.404511211849463 NA
"301" "2017-12-25" 238 122 97 3.32588677494428 0.60832834029787 2.71439218306076 0.432218708100806 NA
"300" "2017-12-23" 269 155 107 3.3046578662058 0.536662197045293 2.67378050380426 0.377932145701738 NA
"299" "2017-12-09" 122 76 46 3.235737091514 0.483911519195313 2.81557760864782 0.335207889563625 NA
"298" "2017-11-25" 191 120 69 3.23673072212669 0.624549396682227 2.70041142950882 0.425833815453686 NA
"297" "2017-11-18" 224 121 98 3.26990370751786 0.509078414794874 2.63491443403751 0.405974819324139 NA
"296" "2017-11-11" 273 151 117 3.26332164807668 0.490084644509368 2.65097029578879 0.43854519967102 NA
"295" "2017-11-04" 254 138 116 3.26472954805909 0.520917004037796 2.72807731467265 0.439444359897769 NA
"294" "2017-10-28" 267 148 117 3.21509221018391 0.569320400624826 2.62295143817778 0.409691018589885 NA
"293" "2017-10-21" 282 149 126 3.27399023428832 0.564903320199189 2.65652617479526 0.48052372261047 NA
"292" "2017-10-14" 290 151 137 3.23899831827973 0.608841043023606 2.59908814693116 0.476867097334544 NA
"291" "2017-10-07" 219 115 97 3.16578142284112 0.562973614905773 2.69242042888426 0.369309180672881 NA
"290" "2017-09-30" 245 130 110 3.14036826581689 0.574780035894717 2.62798463215563 0.426945928319674 NA
"289" "2017-09-23" 281 154 124 3.29648669598069 0.625830017408068 2.60820460772083 0.422109492051816 NA
"288" "2017-09-16" 253 132 110 3.24419778410004 0.587784513407074 2.67377892099776 0.458147854810419 NA
"287" "2017-09-09" 189 100 87 3.37711566053874 0.607192979666341 2.68724854741569 0.467723510695864 NA
"286" "2017-09-02" 198 110 84 3.31187100519489 0.539715426236878 2.65918032898111 0.464799092055563 NA
"285" "2017-08-26" 202 118 82 3.23819647715631 0.545573404804281 2.67600022840855 0.38178911408434 NA
"284" "2017-08-19" 251 154 81 3.21541828395458 0.533717120673075 2.7814740495722 0.416712357112915 NA
"283" "2017-08-12" 183 107 69 3.19605141432401 0.565131639038637 2.66889725266848 0.432134663069361 NA
"282" "2017-08-05" 217 125 84 3.29235936725683 0.54938145157417 2.72190515323786 0.414579502278759 NA
"281" "2017-07-29" 215 141 68 3.28605494084484 0.585960646138596 2.75693179037572 0.432456496491428 NA
"280" "2017-07-22" 228 138 86 3.28972046803964 0.537531129313495 2.81839728283711 0.38806175229415 NA
"279" "2017-07-15" 154 84 69 3.30622465894781 0.600767119325846 2.77655433293562 0.408623134233786 NA
"278" "2017-07-08" 285 162 118 3.25915620567868 0.607769036765095 2.77236191542023 0.435248236063243 NA
"277" "2017-07-01" 209 105 96 3.25566721326503 0.564391259085069 2.77188780234999 0.451595219176257 NA
"276" "2017-06-24" 230 132 89 3.22762488727302 0.562403349920926 2.67490497161858 0.390494371583109 NA
"275" "2017-06-17" 241 132 97 3.25863658544436 0.589855854724823 2.64457728266999 0.403408064238351 NA
"274" "2017-06-10" 153 89 60 3.18352771943157 0.559301740440564 2.83592311743031 0.404916856217572 NA
"273" "2017-06-03" 299 145 138 3.21396759286456 0.575864682105382 2.6763024461937 0.449518870672954 NA
"272" "2017-05-27" 214 111 95 3.23284457253104 0.601041851850653 2.63689913279013 0.445544329334018 NA
"271" "2017-05-20" 259 140 109 3.33262455874455 0.567274178798407 2.73735043473331 0.470107079341846 NA
"270" "2017-05-13" 262 151 104 3.35044840283525 0.540702621615733 2.77979727620992 0.438953184294778 NA
"269" "2017-05-06" 274 144 121 3.2293732394241 0.552120515837301 2.6485122369504 0.369685681584895 NA
"268" "2017-04-29" 236 131 102 3.25368598225801 0.599056574858733 2.75919490047608 0.46637612844459 NA
"267" "2017-04-22" 214 106 103 3.2211431806553 0.582431256156394 2.63088905817568 0.424649329122649 NA
"266" "2017-04-08" 226 112 107 3.28847468754731 0.564735708853616 2.73030144658495 0.477612378518748 NA
"265" "2017-04-01" 250 133 108 3.33157481465534 0.563783864797846 2.63329093407765 0.390065447133971 NA
"264" "2017-03-25" 192 106 82 3.35637419299479 0.601325801411394 2.75180546246413 0.4604780181709 NA
"263" "2017-03-18" 271 157 107 3.2980452806819 0.547962690639532 2.61353144080528 0.443124604043795 NA
"262" "2017-03-11" 226 139 81 3.30097806490901 0.610749622143291 2.59963851100123 0.45782783742592 NA
"261" "2017-03-04" 208 114 84 3.29092023233499 0.548935464956536 2.6478220366125 0.387181128742289 NA
"260" "2017-02-25" 171 96 73 3.27359128919334 0.518446153587389 2.57925462818808 0.483330460758827 NA
"259" "2017-02-18" 229 129 98 3.16288302130976 0.512969101733573 2.59576541973569 0.426380742287443 NA
"258" "2017-02-11" 217 126 91 3.22954573878079 0.484767220280049 2.75699676598339 0.467802096537872 NA
"257" "2017-02-04" 213 117 90 3.18879118085294 0.519183905250039 2.66651807260775 0.468559417880306 NA
"256" "2017-01-28" 186 113 65 3.24244653765985 0.502549194956654 2.73400098137633 0.429881829584037 NA
"255" "2017-01-21" 222 127 88 3.3034533239967 0.564654328036949 2.69100504832351 0.426422690705326 NA
"254" "2017-01-07" 238 134 97 3.20210521488762 0.550982567057308 2.64537887728693 0.514742980967153 NA
"253" "2017-01-01" 218 129 86 3.2182262133483 0.560658678836698 2.72847670948194 0.469414234733371 NA
"252" "2016-12-31" 361 206 145 3.16138751271076 0.56806238213452 2.64616028768418 0.415805816220839 NA
"251" "2016-12-25" 170 105 64 3.31410295841646 0.61081965753788 2.85692311185494 0.400289693134835 NA
"250" "2016-12-24" 294 163 121 3.21040589430863 0.571647709191773 2.66787943175612 0.477489992166958 NA
"249" "2016-12-17" 157 108 45 3.36336342023482 0.528788011922361 2.84285641624796 0.406625495115797 NA
"248" "2016-12-10" 149 89 57 3.25246895829011 0.508953347773283 2.66135561752496 0.430215649548929 NA
"247" "2016-12-03" 153 105 43 3.32275591990123 0.544057314984466 2.80365007165381 0.488641709194425 NA
"246" "2016-11-26" 117 72 41 3.29605799491194 0.651714050041553 2.69871823623032 0.427855456804287 NA
"245" "2016-11-12" 174 98 76 3.22983465936483 0.563908660291891 2.70703291157422 0.434509376770304 NA
"244" "2016-11-05" 232 135 94 3.24057313978274 0.575829745022588 2.69864049233992 0.461954666498288 NA
"243" "2016-10-29" 192 113 77 3.25583306686547 0.618545722750266 2.75970435836759 0.438875995118058 NA
"242" "2016-10-22" 239 138 99 3.26561144346753 0.561798190843332 2.68860656578041 0.419623838398846 NA
"241" "2016-10-15" 195 116 77 3.21534833638196 0.531554805021239 2.58733588930077 0.455220099154262 NA
"240" "2016-10-08" 148 85 61 3.28471651119672 0.533229792783358 2.73104554365592 0.450732483219606 NA
"239" "2016-10-01" 196 104 88 3.25489702505442 0.551227278281227 2.63626455088005 0.426036953271297 NA
"238" "2016-09-24" 181 97 81 3.15099109567848 0.517518172988305 2.67832866905192 0.42181748604988 NA
"237" "2016-09-17" 178 94 82 3.28662877951024 0.537266657876266 2.72293716710798 0.458511595427489 NA
"236" "2016-09-10" 201 120 72 3.18721429757628 0.621991037385904 2.72266979423442 0.450634703951962 NA
"235" "2016-09-03" 215 120 90 3.26892365347707 0.554004580259137 2.6768481287083 0.453655231634254 NA
"234" "2016-08-27" 168 92 71 3.19434587189356 0.547937803405112 2.66801185096039 0.398804154989501 NA
"233" "2016-08-20" 200 100 91 3.29457454245657 0.56953673146965 2.68727222910173 0.415879008053695 NA
"232" "2016-08-13" 194 112 76 3.25138103249486 0.562707315464109 2.66996808246071 0.468519971626722 NA
"231" "2016-08-06" 181 97 80 3.22950614061713 0.539706580475525 2.71191648269771 0.428443886320994 NA
"230" "2016-07-30" 187 98 85 3.3389575201864 0.611355113066461 2.66293947461384 0.424906460374638 NA
"229" "2016-07-23" 220 111 100 3.25391334423922 0.619734180520344 2.57455347041114 0.427121867078184 NA
"228" "2016-07-16" 198 113 77 3.23391635639475 0.528239248026205 2.78648835326068 0.451307801457432 NA
"227" "2016-07-09" 217 132 78 3.27981944542104 0.590523399372737 2.76863467455468 0.48571948189552 NA
"226" "2016-07-02" 164 94 62 3.37608328173053 0.534374168518947 2.74917260570011 0.428201314081129 NA
"225" "2016-06-25" 201 110 87 3.17671187729219 0.587332915859448 2.55297188742562 0.399909938786162 NA
"224" "2016-06-18" 176 92 75 3.2386020205984 0.56943220952511 2.70495847233248 0.476653972272918 NA
"223" "2016-06-11" 214 124 87 3.11634253055115 0.626600580725654 2.65460519991495 0.468009237289977 NA
"222" "2016-06-04" 187 100 77 3.16707524987656 0.546678999347506 2.57022862190659 0.461775633308199 NA
"221" "2016-05-28" 202 106 91 3.26154238934691 0.617949664441038 2.67737862222675 0.54222734026864 NA
"220" "2016-05-21" 158 88 63 3.11155993477489 0.619763250011264 2.56436552399218 0.346505054674561 NA
"219" "2016-05-14" 189 104 79 3.15617780566638 0.597135713768532 2.68188151595662 0.466362149243461 NA
"218" "2016-05-07" 208 121 80 3.22339264965162 0.576802592153443 2.76150922823905 0.490597871747069 NA
"217" "2016-04-30" 185 103 78 3.336872290949 0.512886714076077 2.63232036312912 0.431412040894228 NA
"216" "2016-04-23" 157 78 73 3.23573096174405 0.511999358091093 2.68115508768885 0.434804190334062 NA
"215" "2016-04-16" 161 95 64 3.2379028956927 0.481080014065765 2.70220634629691 0.448352356390533 NA
"214" "2016-04-09" 203 108 83 3.1813954664208 0.559095485704765 2.67011400576285 0.422314360825669 NA
"213" "2016-04-02" 150 86 60 3.22148092395883 0.582688629715439 2.66162718903198 0.419911653806588 NA
"212" "2016-03-19" 208 125 76 3.30205052062335 0.610527223647625 2.72742280844049 0.55015723979282 NA
"211" "2016-03-12" 176 106 64 3.27575930872968 0.600221972474821 2.62102225131948 0.427099725050377 NA
"210" "2016-03-05" 194 95 97 3.31714297847322 0.512168484825826 2.73591230080711 0.402353343754479 NA
"209" "2016-02-27" 159 85 73 3.14879535123019 0.556103411933687 2.61418349209309 0.493427021202047 NA
"208" "2016-02-20" 196 103 92 3.08551352583101 0.584376044951296 2.50530017833292 0.45433356934871 NA
"207" "2016-02-13" 174 95 74 3.17728538808016 0.562077603175912 2.57296004248411 0.482107080785538 NA
"206" "2016-02-06" 188 116 72 3.26663448751556 0.586071014518049 2.75895654486306 0.487820262738655 NA
"205" "2016-01-30" 202 123 74 3.21389358965869 0.572975923171041 2.71880593189418 0.446238256772036 NA
"204" "2016-01-23" 179 93 83 3.23443112053121 0.577722654669761 2.61863028861981 0.540317217574041 NA
"203" "2016-01-09" 216 117 98 3.13177607522601 0.570728736474161 2.70856068820736 0.49987853745601 NA
"202" "2016-01-02" 140 75 63 3.16410248466389 0.58534849291736 2.82521358725997 0.511687779443517 NA
"201" "2016-01-01" 219 124 93 3.23096702032137 0.56549099457448 2.77265741007532 0.4915350916694 NA
"200" "2015-12-26" 119 77 42 3.2924302664293 0.62236653478706 2.72690186974413 0.447328136278326 NA
"199" "2015-12-25" 153 95 53 3.33567802653865 0.587304192559815 2.87959579257559 0.4283101112148 NA
"198" "2015-12-19" 105 66 39 3.20778986891777 0.565667043928025 2.76897815174292 0.331943251255911 NA
"197" "2015-12-12" 101 62 35 3.18131099064295 0.573691229678517 2.72836206635321 0.447459662137432 NA
"196" "2015-12-05" 100 67 32 3.24915176596724 0.608006481121918 2.83946023612468 0.441615922681307 NA
"195" "2015-11-28" 142 87 52 3.1225766572638 0.525592632493863 2.86685887786555 0.444165968303166 NA
"194" "2015-11-14" 184 105 78 3.23228539745888 0.598679927658128 2.70740454249034 0.43709035526674 NA
"193" "2015-11-07" 142 76 63 3.23652134219811 0.618633098826677 2.76612905618951 0.45889903404423 NA
"192" "2015-10-31" 179 93 86 3.24299598259882 0.59693344181704 2.67231777594248 0.436171784993812 NA
"191" "2015-10-24" 156 85 67 3.2037310491402 0.585932788187269 2.6918143011154 0.390993643111224 NA
"190" "2015-10-17" 182 108 69 3.30238302482557 0.623978675849481 2.68468398458391 0.459880251907997 NA
"189" "2015-10-10" 148 81 64 3.11605100586822 0.537111689190202 2.67929384284551 0.478494092704361 NA
"188" "2015-10-03" 166 93 68 3.22501843752064 0.594714027649366 2.77343119254277 0.463393111025294 NA
"187" "2015-09-26" 156 86 67 3.20386222012196 0.589644878374783 2.70709041507612 0.481518759322913 NA
"186" "2015-09-19" 154 91 63 3.30903315584871 0.638186399704729 2.68653664246326 0.421183604367495 NA
"185" "2015-09-12" 86 51 34 3.41784733463539 0.464130251852669 2.80129757458014 0.395412340697996 NA
"184" "2015-09-05" 159 97 61 3.15705817368895 0.566865849654425 2.69806965053851 0.460535828704041 NA
"183" "2015-08-29" 204 114 87 3.2842146461539 0.631945536548254 2.57798109423587 0.436864520077638 NA
"182" "2015-08-22" 175 96 69 3.22697176330783 0.596897084321502 2.70142397415689 0.454812847275017 NA
"181" "2015-08-15" 138 76 58 3.18896876285123 0.616948525224943 2.70729773486913 0.40291204245117 NA
"180" "2015-08-08" 158 95 62 3.19026654801551 0.554477969614488 2.65690971976108 0.42467389010594 NA
"179" "2015-08-01" 134 72 52 3.3100236063315 0.561976792334556 2.83118914662732 0.432872407839553 NA
"178" "2015-07-25" 146 89 55 3.31002068697488 0.599411133992339 2.71689734737965 0.450906603553202 NA
"177" "2015-07-18" 175 104 67 3.33472225157818 0.528637880035622 2.85575244579595 0.426081272241052 NA
"176" "2015-07-11" 182 104 76 3.19233335806612 0.561701534795829 2.7390543810458 0.462586492137904 NA
"175" "2015-07-04" 130 80 47 3.27014400933799 0.51761498914004 2.69880300829871 0.441424922145382 NA
"174" "2015-06-27" 144 87 55 3.29369662821006 0.504037914034274 2.78366658948989 0.385776675308153 NA
"173" "2015-06-20" 146 78 65 3.39740034931753 0.501570020146673 2.73897175512197 0.484012381384869 NA
"172" "2015-06-13" 153 92 57 3.19341486422146 0.553650270679751 2.7057098165734 0.436020681397648 NA
"171" "2015-06-06" 183 94 88 3.30112334100812 0.584566285820168 2.64669642663955 0.457542436825851 NA
"170" "2015-05-30" 130 74 56 3.23529699186409 0.584805737256929 2.62750173637157 0.370276858925739 NA
"169" "2015-05-23" 148 81 65 3.28192461443895 0.512192085031178 2.72591247184774 0.39746275858715 NA
"168" "2015-05-16" 160 91 67 3.30699789260881 0.473623765926733 2.71782928892062 0.419473967759659 NA
"167" "2015-05-09" 161 93 63 3.36053516241176 0.561360723398426 2.63526635878328 0.479572658705848 NA
"166" "2015-05-02" 146 70 70 3.26797973075271 0.600611969068633 2.69867465988013 0.411796310717451 NA
"165" "2015-04-25" 164 96 65 3.20824639223015 0.625310552974269 2.77064100805359 0.431111324986383 NA
"164" "2015-04-18" 198 100 93 3.23937444809472 0.645216080516984 2.74695942734347 0.463336193186708 NA
"163" "2015-04-11" 150 96 51 3.16875906869827 0.647942157846188 2.73263217034239 0.439658523238763 NA
"162" "2015-04-04" 159 84 70 3.21442878336746 0.57190907997717 2.78348400630864 0.49094724821697 NA
"161" "2015-03-28" 175 99 76 3.26625977060621 0.547522715798495 2.7948672625301 0.473176814466791 NA
"160" "2015-03-21" 187 111 75 3.23308020286464 0.605968232528159 2.67889978257282 0.3979116605548 NA
"159" "2015-03-14" 141 79 61 3.25040674421776 0.554131243440158 2.57501098820502 0.494185299478271 NA
"158" "2015-03-07" 159 87 69 3.11674472182994 0.59744155177626 2.58829275130673 0.414108857099181 NA
"157" "2015-02-28" 151 93 54 3.22377875490876 0.554547840589605 2.61043853069574 0.512431582893885 NA
"156" "2015-02-21" 180 94 84 3.12878634325502 0.521712840279146 2.70921904181548 0.536866808267641 NA
"155" "2015-02-14" 146 83 63 3.06518534258019 0.575538747797636 2.5689198608507 0.542887010350108 NA
"154" "2015-02-07" 147 87 59 3.37802362720125 0.54670143007858 2.66957635486336 0.469924404324948 NA
"153" "2015-01-24" 134 81 51 3.17256810014097 0.60457341872923 2.67985804017977 0.53050535469679 NA
"152" "2015-01-17" 163 96 65 3.11128424808719 0.55574183477626 2.66196119672783 0.425079784620102 NA
"151" "2015-01-10" 139 89 49 3.22432054474482 0.492559680059446 2.75861018894936 0.476331996599668 NA
"150" "2015-01-03" 194 111 82 3.16148778196657 0.620625494958593 2.67873367192853 0.460167348151064 NA
"149" "2015-01-01" 199 129 69 3.18992223210902 0.568751907595758 2.80247695294519 0.48988490492106 NA
"148" "2014-12-27" 128 74 47 3.25413420496626 0.567407210991105 2.7354368914031 0.455370117042162 NA
"147" "2014-12-25" 146 81 52 3.29356276039655 0.553066812535647 2.85072877009229 0.497847422913799 NA
"146" "2014-12-20" 113 68 45 3.30181233648188 0.61948270650289 2.77417079173765 0.435472356611718 NA
"145" "2014-12-13" 97 56 40 3.09303077438276 0.692246689149332 2.56809063323013 0.752442926668347 NA
"144" "2014-12-06" 113 55 56 3.35654868530571 0.517472940639794 2.82199864267127 0.451972207056925 NA
"143" "2014-11-29" 130 79 46 3.20561097637088 0.45553110447235 2.69453398833027 0.501991720281673 NA
"142" "2014-11-22" 138 81 54 3.15184038897618 0.630169909594014 2.73426174212699 0.452612413246113 NA
"141" "2014-11-15" 123 71 50 3.16468216338396 0.540015441975051 2.78165047960648 0.548356546953769 NA
"140" "2014-11-08" 181 99 80 3.27531183914922 0.654466287226766 2.70651593533625 0.442256879445998 NA
"139" "2014-11-01" 152 83 67 3.18791383087062 0.648108670704997 2.70919087139577 0.522927247953706 NA
"138" "2014-10-25" 142 82 56 3.19877972262057 0.578118747467803 2.59544079103118 0.365770680718154 NA
"137" "2014-10-18" 177 93 83 3.25887159926782 0.599779239439683 2.60297287999767 0.495522108648289 NA
"136" "2014-10-11" 131 65 61 3.25393430342305 0.717424253852531 2.76325129871667 0.536705816106016 NA
"135" "2014-10-04" 119 76 41 3.34707963349869 0.518271509901809 2.83898127874548 0.484924306760926 NA
"134" "2014-09-27" 137 79 56 3.29499423136994 0.586697346428716 2.73132591654858 0.473924945092824 NA
"133" "2014-09-20" 141 78 59 3.16508686323844 0.620576640221926 2.72079761296241 0.474777528393546 NA
"132" "2014-09-13" 141 77 61 3.19939450993194 0.717393608211503 2.76558445793287 0.456338304838924 NA
"131" "2014-09-06" 112 53 55 3.09467650451799 0.64007204372174 2.64157665894508 0.495082360550224 NA
"130" "2014-08-30" 148 89 59 3.24511765472152 0.598364094951098 2.71198298986447 0.47227638298649 NA
"129" "2014-08-23" 141 78 61 3.24565278001226 0.66052877725665 2.78383033196743 0.448892867101336 NA
"128" "2014-08-16" 110 61 47 3.37158238929413 0.637228089827311 2.74595538660171 0.42733017227743 NA
"127" "2014-08-09" 103 61 39 3.31996022301675 0.586730246182262 2.65958143622204 0.514710191947268 NA
"126" "2014-08-02" 128 77 51 3.29306346391108 0.562860782328481 2.65185898121379 0.363814068678973 NA
"125" "2014-07-26" 130 83 46 3.04737959852172 0.58658366228854 2.6626282383657 0.508342234032076 NA
"124" "2014-07-19" 136 82 52 3.23665576273126 0.632434741432894 2.65186983920091 0.47787529150916 NA
"123" "2014-07-12" 156 84 66 3.21683690493069 0.620562701775237 2.71565707335815 0.56310932439145 NA
"122" "2014-07-05" 125 75 46 3.31146764191244 0.56696166164991 2.67550102856336 0.520636925177442 NA
"121" "2014-06-28" 133 74 54 3.34126890074552 0.596778365078427 2.74303507656264 0.538954438895039 NA
"120" "2014-06-21" 171 83 84 3.27978063715812 0.678771987466582 2.7397147846754 0.433546248993439 NA
"119" "2014-06-14" 132 79 53 3.22128002352557 0.654687339467019 2.7356329373848 0.496236631252748 NA
"118" "2014-06-07" 177 91 84 3.21473473248938 0.599185800277641 2.67191517703609 0.414711102866652 NA
"117" "2014-05-31" 143 73 67 3.23799108778084 0.624053784220988 2.72595130045208 0.411624830682422 NA
"116" "2014-05-24" 115 65 47 3.29833606033582 0.604644505936332 2.79538729637686 0.363816453540009 NA
"115" "2014-05-17" 114 62 50 3.23175777228088 0.57904343985253 2.71742285503275 0.468977673173252 NA
"114" "2014-05-10" 119 60 59 3.29066606529278 0.61885074753889 2.68222158969947 0.471057528279605 NA
"113" "2014-05-03" 179 86 89 3.33354150815395 0.614837290381083 2.68804972677803 0.453505775821516 NA
"112" "2014-04-26" 154 84 70 3.2385292224212 0.581358857855133 2.67559808923344 0.50510045664239 NA
"111" "2014-04-19" 172 91 78 3.3347430173124 0.553267178856265 2.72691600953381 0.448047402554679 NA
"110" "2014-04-12" 132 80 51 3.2331025576473 0.590105633667898 2.71603052195077 0.512593392014349 NA
"109" "2014-04-05" 139 78 59 3.33260834598706 0.608014092742738 2.6679450399106 0.456621871502553 NA
"108" "2014-03-29" 136 74 59 3.23873322970099 0.516046217279814 2.67318831274095 0.477292031184973 NA
"107" "2014-03-22" 142 74 58 3.16604199220283 0.610107006406204 2.77701460895914 0.438520059890615 NA
"106" "2014-03-15" 223 123 95 3.3422420684599 0.584432106170702 2.71287101606696 0.43233958071434 NA
"105" "2014-03-08" 140 85 50 3.33110345662064 0.567980816430652 2.63699355273689 0.421850587582266 NA
"104" "2014-03-01" 161 84 69 3.29126790228469 0.668243803160104 2.62750201100046 0.487000992199502 NA
"103" "2014-02-22" 142 93 43 3.27634825114978 0.524152225229046 2.7311022155593 0.414296924953231 NA
"102" "2014-02-15" 122 77 43 3.24131759232542 0.535163635786655 2.63435889820033 0.47284986702364 NA
"101" "2014-02-08" 150 85 59 3.22279850273343 0.546215635382574 2.66779297101387 0.498188090759721 NA
"100" "2014-02-01" 192 114 74 3.3061665268698 0.57470641433855 2.67392960652228 0.433346341276787 NA
"99" "2014-01-25" 134 76 52 3.28695743796575 0.487899885417391 2.63861469164342 0.453402604634364 NA
"98" "2014-01-18" 157 91 63 3.27588362982984 0.549504710377868 2.63951835565838 0.386052251230305 NA
"97" "2014-01-11" 145 77 62 3.21125915844057 0.56695197295753 2.59052463058842 0.512688255316683 NA
"96" "2014-01-04" 128 79 47 3.1806524450513 0.565414419110456 2.75126732715096 0.447477262903438 NA
"95" "2014-01-01" 94 57 32 3.41588802374058 0.486005084620333 2.97660715080586 0.489007472958778 NA
"94" "2013-12-28" 95 63 31 3.44094796534965 0.589487832296405 2.7682816020826 0.403838024388284 NA
"93" "2013-12-25" 104 54 31 3.36268705936546 0.500856392181203 2.92176254481663 0.380489679707809 NA
"92" "2013-12-21" 93 55 36 3.39275916415638 0.536870772285189 2.65488487879927 0.444041637612593 NA
"91" "2013-12-14" 76 47 27 3.29479905003578 0.541037911131505 2.84525583753952 0.380832746197203 NA
"90" "2013-12-07" 82 56 25 3.29127802924764 0.620097293530782 2.80070452654118 0.460304578552835 NA
"89" "2013-11-30" 158 102 53 3.33643442323946 0.600865948551981 2.59891369286538 0.400466989673472 NA
"88" "2013-11-23" 112 70 42 3.3687890304808 0.570751999144574 2.81180136547882 0.424072644192884 NA
"87" "2013-11-16" 130 81 47 3.17747227066895 0.56789300000065 2.7738252840177 0.501539626615129 NA
"86" "2013-11-09" 112 62 49 3.42555978554087 0.57478245127253 2.66361979101333 0.440204563630516 NA
"85" "2013-11-02" 124 64 58 3.40152333371467 0.644913293226561 2.77544146362138 0.379929630507677 NA
"84" "2013-10-26" 96 57 37 3.37362371115773 0.594337308318553 2.65720188110161 0.488606270292654 NA
"83" "2013-10-19" 126 72 49 3.18119037014245 0.591840987300011 2.69119036455644 0.433692842285091 NA
"82" "2013-10-12" 112 65 46 3.2633044452973 0.587276589454312 2.66368789380681 0.412360484989648 NA
"81" "2013-10-05" 100 63 36 3.39042393289732 0.617601427871456 2.75152045263178 0.505845411709693 NA
"80" "2013-09-28" 85 56 29 3.16062606976924 0.606850866593848 2.66390846051167 0.465084647243436 NA
"79" "2013-09-21" 132 68 60 3.23413261912008 0.669894671509827 2.72897143420148 0.451438978488482 NA
"78" "2013-09-14" 131 77 53 3.30604910449845 0.554721456949356 2.82395830932866 0.399337255441222 NA
"77" "2013-09-07" 107 64 39 3.32754194272956 0.525749130056092 2.65841100624459 0.505485890461702 NA
"76" "2013-08-31" 106 66 36 3.3055447392407 0.593775821232301 2.61788903470867 0.48659095460918 NA
"75" "2013-08-24" 92 55 33 3.33281057217652 0.538905959063811 2.71083714990483 0.413089327778397 NA
"74" "2013-08-17" 119 63 49 3.15956596896316 0.578346111407608 2.76733122948706 0.417458565263868 NA
"73" "2013-08-10" 77 47 29 3.43172597475925 0.681519074088478 2.68751789863565 0.431189445557563 NA
"72" "2013-08-03" 86 48 34 3.3252817336151 0.638969536942502 2.70191643816308 0.547106991481701 NA
"71" "2013-07-27" 93 56 36 3.38453483142748 0.686081132424097 2.6484309933312 0.536850206243659 NA
"70" "2013-07-20" 92 52 37 3.40000689761216 0.590708512418644 2.78290493905394 0.448731680538708 NA
"69" "2013-07-13" 108 58 42 3.18298831976617 0.642869134985968 2.73450518896147 0.406260800762646 NA
"68" "2013-07-06" 79 49 28 3.45346763824778 0.629677350581242 2.95753576393425 0.380087894329973 NA
"67" "2013-06-29" 88 55 30 3.28498592082732 0.662286525927076 2.7064607793494 0.50639208952913 NA
"66" "2013-06-22" 96 56 36 3.33358051995509 0.594210785097313 2.59217181427427 0.491546176579908 NA
"65" "2013-06-15" 93 55 38 3.39633229019694 0.600362186545736 2.82075558527814 0.431152716141015 NA
"64" "2013-06-08" 101 59 41 3.43274490446642 0.56837586548203 2.66413755378147 0.39070372742133 NA
"63" "2013-06-01" 111 81 27 3.36759758528504 0.617881305377095 2.87623017261747 0.459518318873015 NA
"62" "2013-05-25" 81 48 33 3.26059681787286 0.557351199858141 2.84194863073076 0.46382263559129 NA
"61" "2013-05-18" 67 39 28 3.3405720967351 0.583909517257953 2.94925277683051 0.424924550721348 NA
"60" "2013-05-11" 119 71 47 3.32601209981598 0.571298091367899 2.76434035655815 0.457809663300607 NA
"59" "2013-05-04" 139 76 59 3.34213910208912 0.598244341636886 2.84915145670233 0.454252665114764 NA
"58" "2013-04-27" 108 49 56 3.04995753131287 0.554469218848226 2.58778233116923 0.422827168201719 NA
"57" "2013-04-20" 99 60 37 3.23678805329166 0.684566124469339 2.61541821831078 0.370583322483996 NA
"56" "2013-04-13" 98 57 41 3.28073315524034 0.605936922442376 2.69529661657086 0.348975528449739 NA
"55" "2013-04-06" 72 36 36 3.37281783860864 0.672667623461998 2.83265651674845 0.449328396715198 NA
"54" "2013-03-30" 59 35 24 3.35871424947372 0.665691552987732 2.76687569703663 0.443127378369724 NA
"53" "2013-03-23" 54 31 23 3.35479498785164 0.48629937644729 2.64245979431316 0.40020332677181 NA
"52" "2013-03-16" 123 73 46 3.29720267763754 0.660230154824905 2.67907256801837 0.474290149390001 NA
"51" "2013-03-09" 54 28 26 3.08487580810234 0.556328025604433 2.53917158080688 0.464998351511978 NA
"50" "2013-03-02" 84 52 30 3.44276110890424 0.653899057839065 2.79587184930955 0.423652314727759 NA
"49" "2013-02-23" 45 26 19 3.29042864113112 0.557135362929542 2.78563347856451 0.324872512457218 NA
"48" "2013-02-16" 87 53 33 3.21426475380662 0.613775969018075 2.67644504521818 0.547366973039023 NA
"47" "2013-02-09" 96 57 39 3.46943476262408 0.528578484322802 2.71716754305555 0.397553466233612 NA
"46" "2013-02-02" 83 45 32 3.29674008066516 0.523915189912353 2.64276136451741 0.459167363885874 NA
"45" "2013-01-19" 41 24 17 3.37843113276524 0.470263274959193 2.54389852940044 0.614937075510436 NA
"44" "2013-01-12" 83 55 28 3.36062018407884 0.54518665488339 2.64231642541952 0.37220645015902 NA
"43" "2013-01-05" 82 50 32 3.30704577717967 0.587589936379401 2.75549253699093 0.540948615217056 NA
"42" "2013-01-01" 40 23 17 3.37575073221255 0.552462957513429 2.58477744551107 0.401227348771155 NA
"41" "2012-12-29" 47 27 19 3.39127052513252 0.614957324963528 2.71040608095186 0.567290887353273 NA
"40" "2012-12-25" 40 26 13 3.32592712476371 0.500000040078901 3.12639350350429 0.322390164463926 NA
"39" "2012-12-22" 40 29 9 3.33287660409362 0.708955070598233 2.80433382293193 0.475763893111472 NA
"38" "2012-12-15" 40 29 11 3.55559776282308 0.569759897450725 3.03470735150378 0.558991166443105 NA
"37" "2012-11-24" 110 69 38 3.15391428025338 0.576357308987997 2.84535315888469 0.533311904270225 NA
"36" "2012-11-17" 73 43 29 3.3469647618331 0.608333706339541 2.73680967211663 0.508557623826563 NA
"35" "2012-11-10" 92 51 39 3.34566087471168 0.63251648314475 2.85671369761626 0.560567057113155 NA
"34" "2012-11-03" 99 63 34 3.53606385083211 0.5520172904056 2.78289404400466 0.567814085300112 NA
"33" "2012-10-27" 56 37 19 3.42070703647854 0.480192241918035 2.66947773697496 0.511825919120045 NA
"32" "2012-10-20" 98 62 36 3.36987699502822 0.608759472807088 2.84591233607516 0.508579034775685 NA
"31" "2012-10-13" 86 59 26 3.36555206438956 0.503837340748309 2.81185473899264 0.523911829427247 NA
"30" "2012-10-06" 111 69 40 3.33546418615102 0.633732762702374 2.65000828306911 0.433461307709466 NA
"29" "2012-09-29" 96 60 31 3.28443062697953 0.616812479469636 2.66151462852594 0.439289956717786 NA
"28" "2012-09-22" 125 77 45 3.34962497072587 0.639906253281818 2.63745549267002 0.41507721821388 NA
"27" "2012-09-15" 77 45 32 3.41055548428744 0.712418573732 2.64309024603449 0.496005868514095 NA
"26" "2012-09-08" 90 61 28 3.32934108098955 0.616380132766342 2.52263095005735 0.47187347285142 NA
"25" "2012-09-01" 80 48 30 3.22110379755908 0.631536899674118 2.76256237883006 0.499534148810858 NA
"24" "2012-08-25" 58 36 17 3.33164369296375 0.7367944000465 2.81487045953199 0.483993145282021 NA
"23" "2012-08-18" 82 46 34 3.48052694720544 0.620812732162725 2.78262633014032 0.384934875650082 NA
"22" "2012-08-11" 66 48 18 3.43721159331862 0.56730156185757 2.9721582994367 0.447784471223883 NA
"21" "2012-08-04" 104 63 39 3.38856433289727 0.57371349147764 2.7094703399293 0.415720154347258 NA
"20" "2012-07-28" 71 43 28 3.30628790311429 0.509224817815448 2.70488508778343 0.481057446900023 NA
"19" "2012-07-21" 80 47 31 3.45280065384213 0.50355947627191 2.79829942120148 0.360565603598223 NA
"18" "2012-07-14" 104 64 39 3.45304507345585 0.650587568386431 2.79065430377692 0.573496341078119 NA
"17" "2012-07-07" 87 50 35 3.19539266692973 0.725476638890748 2.53504961817626 0.478883523883699 NA
"16" "2012-06-30" 74 44 30 3.38032574657216 0.643684752766413 2.64508688528119 0.368651284404606 NA
"15" "2012-06-23" 57 39 18 3.54640390418383 0.703865053309571 2.65943508887227 0.627215308334964 NA
"14" "2012-06-16" 87 49 37 3.42864032377967 0.652695160529292 2.80497214658008 0.394090551335512 NA
"13" "2012-06-09" 92 55 32 3.28172093489597 0.644206557352031 2.77793510696517 0.622878640413122 NA
"12" "2012-06-02" 96 48 44 3.39842223539343 0.628919274469999 2.90295819541559 0.453856780757666 NA
"11" "2012-05-26" 91 47 42 3.39927923620639 0.63435482948837 2.69021524671606 0.407477955038623 NA
"10" "2012-05-19" 68 41 24 3.41188932217576 0.607458951059041 2.95145559614803 0.478446226735227 NA
"9" "2012-05-12" 92 54 37 3.41280417908437 0.674579685781399 2.81514903176537 0.536067572459767 NA
"8" "2012-05-05" 90 48 38 3.34548545436328 0.683652732050504 2.93442507946236 0.423457121236315 NA
"7" "2012-04-28" 104 57 41 3.42451754073209 0.509901612757021 2.9232155712257 0.489078702076145 NA
"6" "2012-04-21" 91 52 39 3.4035013450443 0.595443546074439 2.8000467328206 0.449948761931619 NA
"5" "2012-04-14" 86 48 37 3.30844388790468 0.653094600909959 2.57523523780667 0.552817376053923 NA
"4" "2012-04-07" 88 46 42 3.3867691653261 0.598574864668928 2.75761695136923 0.490102248336088 NA
"3" "2012-03-31" 72 42 28 3.27995622363046 0.668528620877421 2.68881165865636 0.534800362702135 NA
"2" "2012-03-24" 85 49 34 3.41286055139083 0.615569290026188 2.62427666059188 0.538303604529381 NA
"1" "2012-03-17" NA NA NA NA NA NA NA NA
"361" "2019-02-23" 298 169 116 3.23094712646781 0.630786867576139 2.74956526820472 0.449746059109256 NA
"362" "2019-03-02" 316 173 136 3.14240736244135 0.569068534295183 2.6314933804923 0.450454948824735 NA
"363" "2019-03-09" 209 113 91 3.29679220675163 0.654982771990863 2.64034520341003 0.443045475094332 NA
"364" "2019-03-16" 223 128 92 3.24701940554137 0.597415692792452 2.62144102636782 0.403883082030095 NA
"365" "2019-03-23" 261 142 111 3.29624245284647 0.632223179856483 2.64424758981871 0.407899674861675 NA
"366" "2019-03-30" 369 180 186 3.31446391870351 0.615140176296965 2.60405210599879 0.438598092881176 NA
"367" "2019-04-06" 298 162 130 3.2412588562601 0.626388824725883 2.64901645437426 0.494887739749825 NA
"368" "2019-04-13" 271 143 121 3.25643594063763 0.585543436791408 2.67169789476482 0.44314200050069 NA
"369" "2019-04-20" 303 164 126 3.27983774901718 0.595549850051678 2.6216148814068 0.438898210560746 NA
"370" "2019-04-27" 281 162 118 3.22360812541788 0.664366038994201 2.5456852659141 0.515663566837604 NA
