"date" "athletes" "maleAthletes" "femaleAthletes" "maleSpeedMean" "maleSpeedSD" "femaleSpeedMean" "femaleSpeedSD" "extraTime"
"263" "2019-05-18" 137 75 53 3.37334757129874 0.619575049611723 2.67472281963086 0.50021813511275 NA
"262" "2019-05-11" 101 48 45 3.30466523040658 0.705551085033261 2.7152605214582 0.494703153077559 NA
"261" "2019-05-04" 84 48 29 3.30346540873852 0.535356218892169 2.65483647537777 0.316401602977119 NA
"260" "2019-04-27" 194 109 79 3.42983948276586 0.638477081241309 2.71683379372496 0.469321919824773 NA
"259" "2019-04-20" 154 89 59 3.40244156202072 0.633923324062259 2.79822578967671 0.562028066689563 NA
"258" "2019-04-13" 103 59 36 3.26048554314316 0.579954041819478 2.74122233056655 0.436031811175991 NA
"257" "2019-04-06" 129 82 43 3.41888638693934 0.651032737772546 2.70612485624024 0.436938417510204 NA
"256" "2019-03-30" 159 84 72 3.61192149533068 0.642391173686223 2.61416387657122 0.544800239282367 NA
"255" "2019-03-23" 139 81 51 3.47316154476689 0.539909544063072 2.71070909652265 0.44367656901381 NA
"254" "2019-03-16" 62 34 23 3.27104918705479 0.579730845741519 2.75653283080793 0.426308078105265 NA
"253" "2019-03-09" 103 55 43 3.20474503929484 0.53200542807402 2.53008455999241 0.50509382650314 NA
"252" "2019-03-02" 146 85 54 3.43943459357578 0.615400669343905 2.67182703265323 0.465517585994668 NA
"251" "2019-02-23" 120 66 43 3.3607266031516 0.635564684272058 2.70263665741605 0.495160010156511 NA
"250" "2019-02-16" 109 60 45 3.36993663773505 0.517399611500657 2.69518939006413 0.355838721562153 NA
"249" "2019-02-09" 60 33 23 3.18763291428581 0.551283447511133 2.72316695019862 0.377286292863374 NA
"248" "2019-01-26" 154 82 67 3.30084820596649 0.50832015443603 2.75945429217917 0.397239586189518 NA
"247" "2019-01-19" 100 57 37 3.34873184906466 0.61008145105521 2.69428359334568 0.31637400909631 NA
"246" "2019-01-12" 137 74 52 3.15267255054192 0.574625123422606 2.61878273609649 0.318060745108608 NA
"245" "2019-01-05" 128 68 56 3.29553598719996 0.587695279043669 2.64399851274117 0.368119194045609 NA
"244" "2019-01-01" 282 151 124 3.41066346704344 0.611245383399807 2.69706086025078 0.469170522770686 NA
"243" "2018-12-29" 144 70 46 3.19174954363364 0.502735890604749 2.69229363446214 0.433038820219652 NA
"242" "2018-12-25" 105 57 38 3.40808449374551 0.574349894039455 2.90944708057388 0.49326517143966 NA
"241" "2018-12-22" 92 59 31 3.29927778867355 0.51874209610013 2.6621225513121 0.591786806136226 NA
"240" "2018-12-15" 47 33 14 3.11494140786015 0.495286814371123 2.69872472456242 0.439035848884294 NA
"239" "2018-12-08" 51 32 16 3.26299589878703 0.498620655579376 2.87360175317976 0.463620538005934 NA
"238" "2018-12-01" 82 63 17 3.45436393263967 0.565273671097367 2.85125682374723 0.370357881430238 NA
"237" "2018-11-24" 101 62 36 3.45886164006377 0.631253309530692 2.89133167867737 0.508877556468622 NA
"236" "2018-11-17" 100 66 28 3.35602764132613 0.533185102972914 2.88694044962425 0.369420194779137 NA
"235" "2018-11-10" 110 54 46 3.15309747876648 0.617125926314097 2.57016293019388 0.441111576121914 NA
"234" "2018-11-03" 71 42 27 3.31061909502263 0.469431750699055 2.6237493192718 0.535910400996867 NA
"233" "2018-10-27" 65 36 28 3.26107002609373 0.751878553242533 2.81837113742806 0.530898724462287 NA
"232" "2018-10-20" 112 73 36 3.41929779358825 0.594106211344594 2.76586626849473 0.504210451730459 NA
"231" "2018-10-13" 34 21 11 3.41975850009319 0.528176745489187 2.71518240149054 0.450948815957844 NA
"230" "2018-10-06" 88 46 31 3.35343013770907 0.583378469762468 2.68297145182615 0.437982934188327 NA
"229" "2018-09-29" 96 57 36 3.41260568629393 0.521581705707207 2.61321948138839 0.44361705626062 NA
"228" "2018-09-22" 105 62 38 3.4144919535736 0.603738497776891 2.67481579910852 0.405848611324371 NA
"227" "2018-09-15" 132 71 53 3.32218403354937 0.57189702937729 2.81814271720032 0.428675752360807 NA
"226" "2018-09-08" 114 53 55 3.35509469402806 0.579922076893662 2.55907555161737 0.530865023327458 NA
"225" "2018-09-01" 112 61 48 3.38673444717721 0.612276413180669 2.75922485950919 0.479334728622085 NA
"224" "2018-08-25" 116 68 43 3.23014459804337 0.645313181622153 2.63950018074481 0.482033124472264 NA
"223" "2018-08-18" 128 77 50 3.42152911346691 0.555047326146392 2.64659727812833 0.36866134415556 NA
"222" "2018-08-11" 102 61 33 3.2597369593712 0.706982397072253 2.6250005399397 0.407600877722295 NA
"221" "2018-08-04" 161 80 52 3.38736282609075 0.658458327852061 2.83189023429983 0.497530014496353 NA
"220" "2018-07-28" 108 57 39 3.3403283224779 0.605957091045063 2.62963618192509 0.560825323165404 NA
"219" "2018-07-21" 122 75 41 3.37130969789489 0.743147354359344 2.85276794662219 0.466172763762848 NA
"218" "2018-07-14" 139 84 48 3.51260778243765 0.615882036557507 2.78397786581708 0.515349724396783 NA
"217" "2018-07-07" 115 65 44 3.42903413442929 0.605217548605347 2.71970390019429 0.497514825995086 NA
"216" "2018-06-30" 90 48 25 3.37772900737873 0.686076388271218 2.69552915127019 0.457358643044877 NA
"215" "2018-06-23" 100 54 42 3.50295577691877 0.653066972048695 2.79541772071656 0.414974560460436 NA
"214" "2018-06-16" 113 64 41 3.46301905111544 0.558284671376261 2.69561098285057 0.45110978270663 NA
"213" "2018-06-09" 114 71 34 3.46677727779957 0.671448668052011 2.66048782959013 0.428061188579861 NA
"212" "2018-06-02" 119 67 46 3.49112860862057 0.672269298002692 2.73101462651669 0.43230713006748 NA
"211" "2018-05-26" 111 72 35 3.4113656418963 0.545324419686629 2.62523918914854 0.553034895308543 NA
"210" "2018-05-19" 145 85 50 3.4914900765826 0.554079270148605 2.72682727815254 0.445596808582131 NA
"209" "2018-05-12" 114 63 44 3.29730193976385 0.653213917589975 2.67072576217664 0.479631968887635 NA
"208" "2018-05-05" 147 83 52 3.32982133610179 0.627779117092272 2.78146027493821 0.472479733724912 NA
"207" "2018-04-28" 146 82 56 3.35604735629992 0.529561020838739 2.83681784900895 0.392540712178026 NA
"206" "2018-04-21" 92 49 38 3.69120047476552 0.644912472941192 2.72041581185206 0.397613458545334 NA
"205" "2018-04-14" 107 63 43 3.50155230401632 0.609162420132404 2.81744249026346 0.430934643488123 NA
"204" "2018-04-07" 111 73 37 3.4650150903123 0.543955654007962 2.69577367755243 0.440788124111751 NA
"203" "2018-03-31" 73 37 34 3.37978718274225 0.478405937704764 2.74632337380193 0.508645050891504 NA
"202" "2018-03-24" 88 58 27 3.55982571538793 0.501204670741232 2.76902935531871 0.497578679356595 NA
"201" "2018-03-17" 64 33 30 3.18863136109097 0.534208011906717 2.58637601892241 0.474307286459123 NA
"200" "2018-03-10" 220 125 93 3.56995915641245 0.605579756270264 2.86588036182467 0.503271746743915 NA
"199" "2018-02-24" 114 62 50 3.4998088552238 0.58341996982546 2.6904222230839 0.473111048603339 NA
"198" "2018-02-17" 86 53 28 3.35509878214084 0.525729057601552 2.51506626802529 0.467461156878121 NA
"197" "2018-02-10" 108 65 38 3.34098198215407 0.502725753349918 2.72963608898554 0.476117107645743 NA
"196" "2018-02-03" 98 64 34 3.54025467347556 0.652215355775852 2.7778490541729 0.472740624982264 NA
"195" "2018-01-27" 77 42 29 3.42533858893251 0.603133706731401 2.63924578383801 0.4322933421903 NA
"194" "2018-01-13" 96 58 38 3.34977582495346 0.628061234389349 2.74000385361682 0.422801957613947 NA
"193" "2018-01-06" 74 46 27 3.25312318418354 0.510957074414298 2.78967784962822 0.552730667943576 NA
"192" "2018-01-01" 89 56 28 3.49363002159537 0.571829371756114 2.68899998232265 0.518172450854389 NA
"191" "2017-12-25" 85 57 24 3.37572064599562 0.555745298752426 2.78924866658926 0.408227963190526 NA
"190" "2017-12-23" 99 60 37 3.29882206517954 0.614849563186438 2.57540011521928 0.500384524383051 NA
"189" "2017-12-16" 46 28 18 3.37175402293547 0.530331675085986 2.84400889479406 0.416314454072103 NA
"188" "2017-12-09" 64 36 27 3.32091713846165 0.634164156791276 2.67097467088496 0.407760909817881 NA
"187" "2017-12-02" 62 43 19 3.42464080779808 0.623248705307019 2.8381783614606 0.379213425182851 NA
"186" "2017-11-25" 74 50 23 3.57538937308996 0.574516007192244 2.77822872562443 0.358436600237924 NA
"185" "2017-11-18" 88 59 27 3.43555786539216 0.480700626562136 2.67996296594983 0.41033602080918 NA
"184" "2017-11-11" 145 82 57 3.29792214469441 0.572608204669933 2.662076821251 0.457182239525571 NA
"183" "2017-11-04" 108 67 36 3.51074252984083 0.54152070199082 2.69915247123011 0.449223223598811 NA
"182" "2017-10-28" 111 64 40 3.26035864476511 0.608512703922991 2.61061288145314 0.429229627150016 NA
"181" "2017-10-21" 79 47 31 3.31494595380893 0.523324893415915 2.63534287804734 0.36257557060663 NA
"180" "2017-10-14" 163 92 63 3.36645403613326 0.531674067029198 2.82739039431613 0.470926716861849 NA
"179" "2017-10-07" 93 62 29 3.35657474012097 0.585838470143283 2.66509753190879 0.524905307507325 NA
"178" "2017-09-30" 102 62 30 3.31991465384366 0.585636170838752 2.63275028258671 0.511650670411911 NA
"177" "2017-09-23" 115 71 39 3.46456589862626 0.632470088705884 2.832649888054 0.36823076255382 NA
"176" "2017-09-16" 128 67 53 3.23217682933914 0.608190530785131 2.74708379475168 0.555803675525997 NA
"175" "2017-09-09" 88 58 28 3.46818510335367 0.572168954135519 2.67356176707641 0.495383035240421 NA
"174" "2017-09-02" 87 56 25 3.52556210552861 0.537883313540132 2.52395910627717 0.57960575843624 NA
"173" "2017-08-26" 115 72 41 3.45622903166804 0.617980407250535 2.77991097523392 0.533185758037992 NA
"172" "2017-08-19" 87 45 38 3.36544765948022 0.532430895244531 2.67514055308299 0.500710873600272 NA
"171" "2017-08-12" 103 64 37 3.30893697638021 0.587157432067155 2.8067106367041 0.454223124489058 NA
"170" "2017-08-05" 92 53 37 3.46702231445844 0.555676260804217 2.68472675138743 0.380632524931295 NA
"169" "2017-07-29" 110 63 42 3.44756017609182 0.683709167767655 2.69953624274191 0.400061368699424 NA
"168" "2017-07-22" 96 60 33 3.39550788023617 0.624258150012666 2.73430901591034 0.499983838590057 NA
"167" "2017-07-15" 91 44 42 3.35814437800487 0.592623650958216 2.76157359657374 0.430582331082523 NA
"166" "2017-07-08" 111 62 38 3.52017463758511 0.633948140734929 2.82416432572264 0.492485970739355 NA
"165" "2017-07-01" 92 56 33 3.4217585422359 0.62143972472406 2.84235822968397 0.467729146147382 NA
"164" "2017-06-24" 160 92 59 3.45430900650367 0.671284420282355 2.90986903509219 0.408643669300469 NA
"163" "2017-06-17" 114 61 47 3.42806079214617 0.605652284594179 2.78634533608823 0.47115180184252 NA
"162" "2017-06-10" 69 40 27 3.22608053196914 0.614566144704801 2.80988493420371 0.516763142756774 NA
"161" "2017-06-03" 103 63 35 3.50850059710587 0.62943300533182 2.82253594621275 0.566450307141682 NA
"160" "2017-05-27" 120 66 49 3.46715842524896 0.555936568932365 2.67763753110804 0.512019263672044 NA
"159" "2017-05-20" 147 82 60 3.42389575263751 0.579269446060678 2.74881444973325 0.425302851359173 NA
"158" "2017-05-13" 135 84 47 3.22068763422109 0.650157031729099 2.59582676338713 0.4325380101591 NA
"157" "2017-05-06" 121 74 39 3.41662698078307 0.565737185979931 2.69610455414585 0.460299801794166 NA
"156" "2017-04-29" 159 86 64 3.47530032202624 0.681445702981869 2.71005073941564 0.461520217911899 NA
"155" "2017-04-22" 94 57 37 3.4295909807484 0.56128240759847 2.7421293165907 0.593746525765929 NA
"154" "2017-04-15" 150 95 46 3.47872439208747 0.670735206739705 2.63005014213027 0.520782955969026 NA
"153" "2017-04-08" 100 56 37 3.54801320335644 0.623791192328672 2.87504041827386 0.442353786461751 NA
"152" "2017-04-01" 114 60 48 3.64375778419669 0.67574445945608 2.7976526286899 0.404466285142193 NA
"151" "2017-03-25" 136 77 55 3.63023224613153 0.597504496672717 2.68818922754647 0.469027514483807 NA
"150" "2017-03-18" 95 44 49 3.48373116006348 0.548875644546708 2.71730530072431 0.470373695767614 NA
"149" "2017-03-11" 134 76 52 3.47157903997629 0.652482231823974 2.7805254527996 0.476121574373087 NA
"148" "2017-03-04" 117 69 46 3.52874827239725 0.559641056991428 2.82460655106689 0.542665893421468 NA
"147" "2017-02-25" 83 48 33 3.32699353645728 0.542866552796993 2.62376447970134 0.492386161925441 NA
"146" "2017-02-18" 104 66 36 3.38927254670431 0.65277755171536 2.60915487605998 0.635642459954893 NA
"145" "2017-02-11" 78 45 29 3.31881611933457 0.602932749375417 2.78659534333582 0.469603654826273 NA
"144" "2017-02-04" 102 61 38 3.42825999164836 0.57596507946225 2.63579063294579 0.452670432797309 NA
"143" "2017-01-28" 87 55 32 3.47519181746105 0.543450348482322 2.76053787741844 0.46533343478652 NA
"142" "2017-01-21" 123 82 38 3.42489569851009 0.602823846119917 2.72822011724688 0.461121290516979 NA
"141" "2017-01-14" 87 57 30 3.320417149809 0.639743306103911 2.76307261051997 0.408288075334367 NA
"140" "2017-01-07" 111 67 37 3.25325357601661 0.624100700877393 2.6074876532864 0.497919432578607 NA
"139" "2016-12-31" 84 48 36 3.31831553456541 0.651637540136757 2.75101697524405 0.435267744973728 NA
"138" "2016-12-24" 126 62 47 3.19353779423333 0.758602752307547 2.50513314819639 0.655478967402792 NA
"137" "2016-12-17" 55 37 18 3.55550201504317 0.604327049063559 2.88227674344871 0.503501685479992 NA
"136" "2016-12-10" 64 37 27 3.53348370305721 0.582286656256834 2.75796155033434 0.414949724617717 NA
"135" "2016-12-03" 79 50 27 3.40622955328305 0.772259569621163 2.6902251169879 0.524071912609369 NA
"134" "2016-11-26" 53 33 20 3.51063898406095 0.570597096637335 2.76201937157806 0.471746263836253 NA
"133" "2016-11-19" 54 32 19 3.07862202852759 0.531098316135573 2.39609241921075 0.487847055967578 NA
"132" "2016-11-12" 69 40 29 3.41431158140073 0.560563083371378 2.74932197031988 0.445989159412796 NA
"131" "2016-11-05" 74 45 29 3.36808824813984 0.564075535858161 2.87614138206076 0.474333637342124 NA
"130" "2016-10-29" 90 42 45 3.41819444245938 0.71126410319246 2.85241068253746 0.433046459627711 NA
"129" "2016-10-22" 82 46 34 3.42193930029693 0.588846710353344 2.67339790810168 0.448442869691395 NA
"128" "2016-10-15" 81 45 35 3.46295036719063 0.692482772014083 2.69732783821555 0.571929296152478 NA
"127" "2016-10-08" 106 69 36 3.47891441060248 0.684457170901962 2.79277606897749 0.41339970382238 NA
"126" "2016-10-01" 117 69 44 3.42540069081625 0.657037585437027 2.6202500325309 0.440334071381898 NA
"125" "2016-09-24" 80 35 42 3.23271252910999 0.618785149311656 2.56372844193982 0.528930714338224 NA
"124" "2016-09-17" 98 54 40 3.22426602698086 0.722669406523986 2.65977159526535 0.503605459222036 NA
"123" "2016-09-10" 78 43 35 3.42666539426983 0.724219277246181 2.65008155354789 0.470533234013071 NA
"122" "2016-09-03" 81 49 31 3.36060020113333 0.61684462872512 2.72686328261661 0.468908002046052 NA
"121" "2016-08-27" 123 81 39 3.42769811415076 0.712658104522205 2.81565783700343 0.550740950364906 NA
"120" "2016-08-20" 93 49 44 3.26773802860413 0.536364227052711 2.68086256816129 0.464956469414428 NA
"119" "2016-08-13" 80 48 30 3.52941437600411 0.728338043424938 2.69462833437044 0.423227478429123 NA
"118" "2016-08-06" 75 45 30 3.2768124699705 0.572703406307842 2.76539307028857 0.537276134951765 NA
"117" "2016-07-30" 81 43 37 3.22604630467882 0.670593533557115 2.78466951986703 0.361643584667603 NA
"116" "2016-07-23" 89 57 31 3.46909789428365 0.635198602842696 2.64530950381977 0.497909690337497 NA
"115" "2016-07-16" 117 66 46 3.29669372761311 0.560158991021295 2.71557794157223 0.342351020376729 NA
"114" "2016-07-09" 98 62 35 3.5104598894638 0.596936679969547 2.66546294352629 0.519683865867375 NA
"113" "2016-07-02" 65 32 31 3.40914199680197 0.643392241357848 2.49380303838689 0.478074880787087 NA
"112" "2016-06-25" 89 45 43 3.47573579467497 0.785698963056861 2.53054267752336 0.409748262940604 NA
"111" "2016-06-18" 83 47 34 3.40406190924841 0.496760024409998 2.61785028993656 0.433223074498362 NA
"110" "2016-06-11" 96 52 43 3.5022001353647 0.61476388505329 2.70878291929539 0.370254623394547 NA
"109" "2016-06-04" 65 35 29 3.51321373605919 0.491793941169231 2.47082252110684 0.354589113267608 NA
"108" "2016-05-28" 71 41 29 3.29491673132243 0.493064435379877 2.62341417762987 0.500718970056945 NA
"107" "2016-05-21" 74 51 21 3.32624509806061 0.635997938988124 2.49001138076061 0.451134212459298 NA
"106" "2016-05-14" 89 47 37 3.37659751247768 0.61776707282095 2.6405206860389 0.418574801525564 NA
"105" "2016-05-07" 118 59 58 3.34136551824723 0.751092517498296 2.66375786742943 0.396095864373082 NA
"104" "2016-04-30" 81 46 35 3.4755649168387 0.6771103569868 2.74988807506973 0.437735221050968 NA
"103" "2016-04-23" 102 55 46 3.50120608739839 0.701598035565198 2.60507764972012 0.411169543896604 NA
"102" "2016-04-16" 78 48 28 3.33595530139465 0.60731215764547 2.7057804445097 0.500483484634352 NA
"101" "2016-04-09" 85 47 35 3.399164824427 0.66351830863321 2.73926177363223 0.458884029622857 NA
"100" "2016-04-02" 98 58 38 3.54782143275708 0.564355201664771 2.73745798767531 0.540518876598117 NA
"99" "2016-03-26" 93 50 41 3.4346841555024 0.658937365432899 2.55573733992593 0.420012815972243 NA
"98" "2016-03-19" 85 44 36 3.63090717106297 0.567531344896515 2.61435341298517 0.469843199016038 NA
"97" "2016-03-12" 102 60 37 3.63592839205452 0.665794783466093 2.63904149292489 0.519826063268128 NA
"96" "2016-03-05" 87 49 36 3.48710674707713 0.632613403793119 2.68052934569175 0.399541045978026 NA
"95" "2016-02-27" 122 57 48 3.39675423215618 0.768321703906122 2.69196903103391 0.556678147318073 NA
"94" "2016-02-20" 84 39 45 3.27971239154032 0.626264591780244 2.66810314656299 0.443914680429929 NA
"93" "2016-02-13" 88 55 31 3.36898398300504 0.584047909108114 2.69769956291064 0.514631242473382 NA
"92" "2016-02-06" 82 43 39 3.58443279030453 0.701820001409704 2.74624037675043 0.508360581414206 NA
"91" "2016-01-30" 84 41 38 3.4576837861055 0.606971051059764 2.76011819048539 0.519799848475129 NA
"90" "2016-01-23" 97 60 36 3.49234738906213 0.587391135462228 2.6984881991289 0.573503971402122 NA
"89" "2016-01-09" 126 77 47 3.49435001039768 0.713373455410259 2.73605596129302 0.491545209610661 NA
"88" "2016-01-02" 77 47 27 3.48477167491464 0.580892745894139 2.61733796227477 0.328226145099291 NA
"87" "2015-12-26" 55 35 16 3.77573208692596 0.536866109128839 2.83180576447589 0.354780876554554 NA
"86" "2015-12-19" 53 36 16 3.29927408808802 0.637514828679981 2.55755472153814 0.493687978839973 NA
"85" "2015-12-12" 29 22 5 3.37861921211784 0.573412061107828 3.3196288292589 0.560692027026733 NA
"84" "2015-11-28" 67 40 27 3.49474162833391 0.589914041643242 2.66490543493367 0.452144096846538 NA
"83" "2015-11-21" 27 15 12 3.1678834895863 0.652591990840287 2.39593189176498 0.423031488772171 NA
"82" "2015-11-14" 51 33 17 3.51218704814383 0.60692529584539 2.57271286956999 0.495383363871644 NA
"81" "2015-11-07" 64 40 23 3.74167001100908 0.544104784338874 2.74570453660423 0.498359951730504 NA
"80" "2015-10-31" 83 50 32 3.55497193037622 0.68883857449879 2.74464990508416 0.654248147382757 NA
"79" "2015-10-24" 71 45 24 3.45652584752735 0.636649196603618 2.47032393462039 0.607910422477863 NA
"78" "2015-10-17" 80 56 24 3.30216411156265 0.62522968745611 2.81823836233275 0.499056917171293 NA
"77" "2015-10-10" 89 58 31 3.48525082937872 0.677165714890437 2.9551004702391 0.544041459654487 NA
"76" "2015-10-03" 79 49 30 3.5419649783196 0.604222666462289 2.63173312241697 0.539605722712495 NA
"75" "2015-09-26" 65 42 23 3.39996429403439 0.780613614862582 2.64968013240118 0.488374602445302 NA
"74" "2015-09-19" 83 52 30 3.35423497693145 0.792728086961762 2.65712663880253 0.561247197824787 NA
"73" "2015-09-12" 59 38 21 3.41497100290779 0.68294047738439 2.62371593043237 0.61424026047453 NA
"72" "2015-09-05" 69 44 25 3.30225381361952 0.65717522511643 2.67407645508926 0.311881278729896 NA
"71" "2015-08-29" 73 45 28 3.43703242867812 0.593289690340898 2.66984562397739 0.464093093404597 NA
"70" "2015-08-22" 76 45 31 3.63286713069128 0.674079390653668 2.65720137924211 0.564272221559012 NA
"69" "2015-08-15" 74 46 28 3.3679948677848 0.666012615297594 2.70530740585097 0.515400161686212 NA
"68" "2015-08-08" 82 54 27 3.45812211908462 0.732167172725302 2.47550973651595 0.466402444164424 NA
"67" "2015-08-01" 73 49 23 3.60574525878331 0.662143761330342 2.51480971572951 0.390694727747338 NA
"66" "2015-07-25" 64 38 26 3.52473267236265 0.496041233947562 2.52570604886553 0.484926912165197 NA
"65" "2015-07-18" 94 54 38 3.42984442238814 0.588416412347664 2.65422698595379 0.486598299798765 NA
"64" "2015-07-11" 85 52 33 3.42941518117588 0.755571240654313 2.59352109411559 0.399816077601411 NA
"63" "2015-07-04" 70 43 27 3.44050650484497 0.715533367367537 2.62960195118094 0.659396487574875 NA
"62" "2015-06-27" 81 46 35 3.40928150844751 0.746695927311096 2.54917363362543 0.554351964317606 NA
"61" "2015-06-20" 99 69 28 3.502646497809 0.654972298549613 2.93644418369815 0.626448000672537 NA
"60" "2015-06-13" 74 45 29 3.5483960031331 0.662620720222886 2.72153910292937 0.489443496903404 NA
"59" "2015-06-06" 77 43 31 3.30646547197264 0.632536731759007 2.57126199446599 0.487048093830044 NA
"58" "2015-05-30" 57 39 17 3.33618606857965 0.650731935974042 2.84638086524757 0.480717973014148 NA
"57" "2015-05-23" 75 48 26 3.49785257951689 0.577091691505557 2.62926701293738 0.471029873389546 NA
"56" "2015-05-16" 78 45 31 3.38623092385746 0.666799990632588 2.76879920325435 0.371828913724274 NA
"55" "2015-05-09" 107 60 47 3.46343170056214 0.566629323326274 2.71748826776808 0.389922460012137 NA
"54" "2015-05-02" 64 44 20 3.53565389119842 0.591320406773092 2.6764793711017 0.443852699586865 NA
"53" "2015-04-25" 88 60 27 3.39577664681374 0.699172277422578 2.5300039432179 0.424551234892772 NA
"52" "2015-04-18" 101 65 36 3.52572884977743 0.629179728610448 2.62679001168806 0.51606412746657 NA
"51" "2015-04-11" 74 41 32 3.58687071565419 0.727183909534551 2.62552978937609 0.521675773287353 NA
"50" "2015-04-04" 98 59 37 3.41373212459141 0.644466683190666 2.7111377531483 0.469409828740794 NA
"49" "2015-03-28" 73 48 23 3.49587348670252 0.517885513103136 2.76792861821559 0.486735664800831 NA
"48" "2015-03-21" 75 50 23 3.26031341497563 0.679366646604588 2.49666048603937 0.570270685080418 NA
"47" "2015-03-14" 97 64 33 3.48417996168202 0.647772771616996 2.70751135044377 0.570538328425015 NA
"46" "2015-03-07" 57 38 19 3.35517048376589 0.728739322636886 2.44088713199376 0.500639875900115 NA
"45" "2015-02-28" 90 52 29 3.29320426863045 0.64048476662396 2.76289462880337 0.498251936261798 NA
"44" "2015-02-21" 88 58 28 3.51003574420483 0.597886955602908 2.58162001787259 0.473730148886577 NA
"43" "2015-02-14" 50 32 18 3.39468214002202 0.685829779267421 2.59098813973001 0.490286792759384 NA
"42" "2015-02-07" 81 51 27 3.58253805652029 0.515708952031338 2.89203782835043 0.599036202063222 NA
"41" "2015-01-24" 101 67 32 3.25372478568671 0.734283516898021 2.44806113869455 0.474107567459892 NA
"40" "2015-01-17" 69 36 33 3.46451334873943 0.636943877221171 2.66663431538745 0.517738365618497 NA
"39" "2015-01-10" 68 43 25 3.42239633748681 0.531605739374805 2.41868352101998 0.476824949249712 NA
"38" "2015-01-03" 86 50 36 3.48841881832417 0.553459013915202 2.65568930729553 0.559916485712662 NA
"37" "2014-12-27" 61 38 21 3.47088851658152 0.619724714767788 2.69472205380326 0.397515044746901 NA
"36" "2014-12-25" 69 38 28 3.35619934749203 0.627649410948479 2.89679491045675 0.640089570725359 NA
"35" "2014-12-20" 41 30 11 3.42555583800209 0.615205697409384 2.26022288518545 0.317823833427261 NA
"34" "2014-12-13" 41 29 12 3.46530759916837 0.842640848058918 2.73767276143255 0.564037843099013 NA
"33" "2014-12-06" 66 45 17 3.39745991805802 0.569907784757229 2.51488666253943 0.40230756662008 NA
"32" "2014-11-29" 68 43 23 3.56008484966566 0.636685134215547 2.67432636883731 0.488700847770634 NA
"31" "2014-11-22" 71 42 26 3.5234492479959 0.485610436087351 2.61869415358113 0.582841258593417 NA
"30" "2014-11-15" 73 43 30 3.42838078801606 0.549498210141661 2.59197123563552 0.351006311485909 NA
"29" "2014-11-08" 66 37 27 3.36614216079708 0.719499624305644 2.70027734943312 0.429193554030101 NA
"28" "2014-11-01" 91 57 34 3.49502702884847 0.543625703531864 2.64270256877322 0.351446038671862 NA
"27" "2014-10-25" 74 44 30 3.49453564010493 0.656330642462609 2.74490410541567 0.55214824684845 NA
"26" "2014-10-18" 76 47 28 3.33906943461227 0.572155272098215 2.46976082494712 0.480806586042464 NA
"25" "2014-10-11" 51 31 20 3.42217897886067 0.589541775856889 2.67927893287633 0.436892997332905 NA
"24" "2014-10-04" 88 56 31 3.36160276766415 0.650200468195922 2.63308766123479 0.393117195035141 NA
"23" "2014-09-27" 75 47 26 3.49518694985775 0.609517462777792 2.64861107802266 0.420249665657361 NA
"22" "2014-09-20" 69 36 31 3.18587076653939 0.650650938162021 2.49617525311356 0.529432146629036 NA
"21" "2014-09-13" 75 50 25 3.37339697613415 0.703494689206948 2.44908035177289 0.574204168556089 NA
"20" "2014-09-06" NA NA NA NA NA NA NA NA
"19" "2014-08-30" NA NA NA NA NA NA NA NA
"18" "2014-08-23" NA NA NA NA NA NA NA NA
"17" "2014-08-16" NA NA NA NA NA NA NA NA
"16" "2014-08-09" NA NA NA NA NA NA NA NA
"15" "2014-08-02" NA NA NA NA NA NA NA NA
"14" "2014-07-26" NA NA NA NA NA NA NA NA
"13" "2014-07-19" NA NA NA NA NA NA NA NA
"12" "2014-07-12" NA NA NA NA NA NA NA NA
"11" "2014-07-05" NA NA NA NA NA NA NA NA
"10" "2014-06-28" NA NA NA NA NA NA NA NA
"9" "2014-06-21" NA NA NA NA NA NA NA NA
"8" "2014-06-14" NA NA NA NA NA NA NA NA
"7" "2014-06-07" NA NA NA NA NA NA NA NA
"6" "2014-05-31" NA NA NA NA NA NA NA NA
"5" "2014-05-24" NA NA NA NA NA NA NA NA
"4" "2014-05-17" NA NA NA NA NA NA NA NA
"3" "2014-05-10" NA NA NA NA NA NA NA NA
"2" "2014-05-03" NA NA NA NA NA NA NA NA
"1" "2014-04-26" NA NA NA NA NA NA NA NA
