"date" "athletes" "maleAthletes" "femaleAthletes" "maleSpeedMean" "maleSpeedSD" "femaleSpeedMean" "femaleSpeedSD" "extraTime"
"142" "2019-03-16" 204 109 90 3.28686171643765 0.601275240892519 2.71141989554782 0.547730688126904 NA
"141" "2019-03-09" 378 177 174 3.18445927876258 0.580022374004251 2.67781274991599 0.424027854028402 NA
"140" "2019-03-02" 381 160 186 3.1452271401645 0.572920222321301 2.60977198796009 0.47063901348883 NA
"139" "2019-02-23" 449 182 241 3.17963406343551 0.657128421778995 2.65134208068568 0.461327293892976 NA
"138" "2019-02-16" 446 208 202 3.26976445869951 0.605330511037112 2.68243233966151 0.471047992011354 NA
"137" "2019-02-09" 418 174 219 3.07111767188549 0.584626438070728 2.58382846014457 0.421732617837512 NA
"136" "2019-01-26" 446 203 212 3.11326133918143 0.609565862108948 2.64142676683807 0.461638312259515 NA
"135" "2019-01-12" 545 242 271 3.07273343232755 0.647303966181755 2.63671766713701 0.442322423848155 NA
"134" "2019-01-05" 466 214 233 3.12696764351683 0.580007507850493 2.60635587938451 0.464026725688792 NA
"133" "2019-01-01" 869 397 367 3.22179203305102 0.605861847755647 2.69498021031744 0.383990847072733 NA
"132" "2018-12-29" 282 147 121 3.23273099249077 0.595568081938037 2.66584745722822 0.457316647651289 NA
"131" "2018-12-22" 305 146 132 3.28389836142476 0.605109189342993 2.59182747929179 0.533658718684815 NA
"130" "2018-12-15" 226 115 101 3.34940708384587 0.656836638617439 2.70636689217206 0.539508056886855 NA
"129" "2018-12-08" 211 111 83 3.26751743963867 0.534224787976544 2.80415832355866 0.456724331083912 NA
"128" "2018-12-01" 256 120 118 3.19233144182832 0.595800398635035 2.71249257037506 0.406751279279708 NA
"127" "2018-11-24" 325 144 167 3.24095203703229 0.62011405468921 2.65503277483728 0.492122115777017 NA
"126" "2018-11-17" 301 153 127 3.17516646307955 0.614273538361998 2.76414070468051 0.459856785255669 NA
"125" "2018-11-10" 397 181 181 3.22553477516815 0.635315380699384 2.65498608523463 0.495207111640579 NA
"124" "2018-11-03" 375 180 178 3.19987747395297 0.639766020171784 2.69094148031897 0.50763176953229 NA
"123" "2018-10-27" 198 97 90 3.22629202330065 0.623620812851631 2.70589328921584 0.444231053540001 NA
"122" "2018-10-20" 350 170 159 3.14571510344143 0.605593428946266 2.70292422644906 0.476771111089136 NA
"121" "2018-10-13" 232 114 110 3.14702836964277 0.641498912689901 2.65819196169042 0.484111005392491 NA
"120" "2018-10-06" 323 150 157 3.12716197645536 0.592180088637072 2.69337230829559 0.472500087823321 NA
"119" "2018-09-29" 382 161 163 3.13045349155361 0.592055037037141 2.62489639468594 0.520716202298951 NA
"118" "2018-09-22" 342 169 144 3.21731785947282 0.646353065036386 2.66449575200233 0.480295552249591 NA
"117" "2018-09-15" 371 174 170 3.11126160748104 0.635390764951264 2.6609659437034 0.513765518389167 NA
"116" "2018-09-08" 299 150 134 3.13935781592945 0.627873826983322 2.58372817136158 0.472124573478792 NA
"115" "2018-09-01" 301 142 139 3.18929384661281 0.642903373563253 2.66550062072103 0.541127548189216 NA
"114" "2018-08-25" 460 231 206 3.20294637254793 0.62654231724445 2.64543069931038 0.515520397965332 NA
"113" "2018-08-18" 342 161 165 3.30668043753865 0.639403813271569 2.58601827281929 0.482888069016084 NA
"112" "2018-08-11" 250 115 123 3.24097305577439 0.66518590879317 2.62473144651553 0.435206285687815 NA
"111" "2018-08-04" 263 133 118 3.19295948481938 0.582877264212576 2.70736959902768 0.491595192107006 NA
"110" "2018-07-28" 271 120 138 3.18479269251187 0.62236692063676 2.66757119841584 0.461840315309682 NA
"109" "2018-07-21" 297 138 136 3.2821436706586 0.663413703792188 2.66649328885227 0.48910343599574 NA
"108" "2018-07-14" 377 189 171 3.19070049197305 0.586612947381197 2.64212455043607 0.458495247614848 NA
"107" "2018-07-07" 351 161 162 3.14442727808396 0.646309348963331 2.56733303485085 0.50532278097196 NA
"106" "2018-06-30" 411 186 205 3.25725717083733 0.611832955689528 2.65653444371863 0.450708891778758 NA
"105" "2018-06-23" 412 208 182 3.31586551889734 0.585442721236839 2.69839414146303 0.461064943325843 NA
"104" "2018-06-16" 398 190 186 3.35370180532515 0.659995395546665 2.72380628433463 0.467844700357339 NA
"103" "2018-06-09" 327 130 156 3.26934762304596 0.598372340036601 2.57132527544514 0.50155418775245 NA
"102" "2018-06-02" 331 154 154 3.28744924586616 0.58635593999139 2.59836752497949 0.482417810018201 NA
"101" "2018-05-26" 305 149 139 3.25003926038007 0.666951401222043 2.64974247500455 0.455434021882363 NA
"100" "2018-05-19" 406 189 175 3.30334650574284 0.573535843826261 2.69563207737206 0.508077251409486 NA
"99" "2018-05-12" 358 160 179 3.25600483247893 0.632213330964793 2.62021570752132 0.453278854151561 NA
"98" "2018-05-05" 313 137 159 3.31762220640755 0.594186686194314 2.66176029505596 0.517126042214547 NA
"97" "2018-04-28" 371 167 172 3.2233973717478 0.693513598246476 2.50729013047121 0.476588274213295 NA
"96" "2018-04-21" 348 161 162 3.21460606171328 0.653402915246629 2.67707957862486 0.481763826103353 NA
"95" "2018-04-14" 281 133 135 3.23652384590868 0.543236484855031 2.72464860329365 0.48345357945542 NA
"94" "2018-04-07" 271 136 120 3.21648579987253 0.606928968965775 2.75608675639863 0.448279400471729 NA
"93" "2018-03-31" 201 103 86 3.18729755891348 0.611433580655512 2.56681194587811 0.420627571245364 NA
"92" "2018-03-24" 291 141 139 3.30451651638863 0.584721764206458 2.74483411604864 0.451606724212244 NA
"91" "2018-03-17" 246 141 91 3.32853479703535 0.483055204214916 2.67483817247449 0.44193859516071 NA
"90" "2018-03-10" 238 114 106 3.27839722207071 0.486773682709157 2.60774850735594 0.444781925329758 NA
"89" "2018-02-24" 320 138 162 3.26814740435187 0.595843168833891 2.69301383148883 0.466252896612059 NA
"88" "2018-02-17" 308 137 153 3.17888850541339 0.589752973800188 2.66106108932991 0.446773332278739 NA
"87" "2018-02-10" 336 160 164 3.24039065196763 0.552185822011108 2.62734290171207 0.426408359591714 NA
"86" "2018-02-03" 339 163 153 3.30354468063173 0.627883850381489 2.76844159091889 0.493677248733278 NA
"85" "2018-01-27" 278 141 124 3.24558885751997 0.546434968835806 2.72722295333071 0.428704972901261 NA
"84" "2018-01-13" 302 143 141 3.17028491534122 0.589953180236346 2.65366977731463 0.40297477299781 NA
"83" "2018-01-06" 217 105 107 3.20554403248241 0.591635638267357 2.65614969435053 0.459183784057412 NA
"82" "2017-12-25" 265 140 122 3.30594456838674 0.660582360728891 2.67802238753966 0.490000866624791 NA
"81" "2017-12-23" 297 130 151 3.25203815422541 0.616828089301779 2.5386762955468 0.434744341839214 NA
"80" "2017-12-16" 250 130 111 3.21939030503869 0.59577674703457 2.73231319797981 0.488501887122158 NA
"79" "2017-12-09" 211 114 91 3.35678552985826 0.557569640081287 2.78777764967674 0.51091523306861 NA
"78" "2017-12-02" 187 94 87 3.32024313688282 0.563270662544789 2.77466086251384 0.480870565273938 NA
"77" "2017-11-25" 305 163 133 3.3315121125542 0.602035064847886 2.73458869553037 0.46131807667481 NA
"76" "2017-11-18" 245 112 123 3.28934353238112 0.578943787068754 2.71908365191701 0.464869510771502 NA
"75" "2017-11-11" 320 145 161 3.25851446967078 0.550637248428261 2.71994561572357 0.417569089810313 NA
"74" "2017-11-04" 441 230 185 3.35895017222402 0.567728798720775 2.8168008768543 0.411950121198297 NA
"73" "2017-10-28" 229 118 100 3.33502627983706 0.608186714982174 2.66486593273476 0.400894288835157 NA
"72" "2017-10-21" 265 136 119 3.26241012102442 0.594443345084772 2.70311697296345 0.478393728901184 NA
"71" "2017-10-14" 305 148 147 3.34984165666253 0.57517751754213 2.73092968003063 0.430678381631454 NA
"70" "2017-10-07" 280 127 136 3.27321764624574 0.616886717034589 2.592575697663 0.410001304705764 NA
"69" "2017-09-30" 296 142 137 3.19166631190946 0.609622341108281 2.70821619475381 0.363540939848995 NA
"68" "2017-09-23" 317 141 147 3.24277409716429 0.596508272723636 2.74815164580618 0.510262767113775 NA
"67" "2017-09-16" 335 161 150 3.20136599408199 0.613455867133533 2.71479649907099 0.418686384728639 NA
"66" "2017-09-09" 264 136 120 3.23680449432559 0.581673653671865 2.63350396831381 0.443260554518412 NA
"65" "2017-09-02" 293 140 138 3.12783328772123 0.573499326395808 2.64025299195387 0.435344665240911 NA
"64" "2017-08-26" 344 178 151 3.27745271916807 0.577878807794207 2.68667855885598 0.38839220066695 NA
"63" "2017-08-19" 373 189 170 3.22187407993152 0.598335823926878 2.61245304675292 0.539986264622641 NA
"62" "2017-08-12" 246 122 109 3.19550266957083 0.582504978729024 2.84122891778058 0.55968814764747 NA
"61" "2017-08-05" 290 143 135 3.25935313260009 0.611378571701898 2.77399615273192 0.42972286273128 NA
"60" "2017-07-29" 286 144 131 3.20742325481891 0.634199650367813 2.7448786084704 0.463107364998702 NA
"59" "2017-07-22" 295 160 123 3.18924711549653 0.569549903792902 2.80271547642799 0.466844972892525 NA
"58" "2017-07-15" 275 151 117 3.28612070709207 0.601020933476474 2.71787855405671 0.395413523344071 NA
"57" "2017-07-08" 356 183 160 3.26150799872834 0.595207478230306 2.69230796897375 0.481940870598247 NA
"56" "2017-07-01" 293 131 149 3.23827656251201 0.571509777766911 2.69491228454913 0.402504458880093 NA
"55" "2017-06-24" 421 213 193 3.23052185773566 0.619773039986594 2.62617182136008 0.473837881340653 NA
"54" "2017-06-17" 395 205 171 3.21287120344613 0.543268155375127 2.7116816206029 0.416613579572961 NA
"53" "2017-06-10" 183 87 83 3.16604474748632 0.652942279610887 2.65273370082516 0.428450200175842 NA
"52" "2017-06-03" 547 240 264 3.13884641070299 0.659585996515786 2.5417305916616 0.446910676549994 NA
"51" "2017-05-27" 294 157 121 3.32061067355805 0.673514632725317 2.68126263409523 0.56239056927184 NA
"50" "2017-05-20" 349 168 163 3.2624377666017 0.613926776125175 2.68038972404492 0.477515532280392 NA
"49" "2017-05-13" 315 160 141 3.28614682277148 0.590665592761382 2.72892354421681 0.441020025545036 NA
"48" "2017-05-06" 356 160 183 3.26786018697696 0.604803403034107 2.73201803535664 0.399956078461442 NA
"47" "2017-04-29" 307 156 136 3.38954472509716 0.537923230870915 2.75736988650513 0.450206094233181 NA
"46" "2017-04-22" 346 154 173 3.24864082951886 0.573763725463768 2.66914701263776 0.416854206212008 NA
"45" "2017-04-15" 398 218 161 3.3295691665037 0.62579700169557 2.76917034141235 0.437975634460125 NA
"44" "2017-04-08" 315 146 156 3.31523604880549 0.584395132321769 2.71498395291315 0.432197005686277 NA
"43" "2017-04-01" 256 133 113 3.32836362811541 0.659633039403734 2.73626563373035 0.493675885405932 NA
"42" "2017-03-25" 277 143 124 3.22162051635503 0.619683558520244 2.70399813309419 0.413369910450786 NA
"41" "2017-03-18" 219 117 89 3.45124906766052 0.597119459459926 2.68265203715859 0.475213658471074 NA
"40" "2017-03-11" 294 140 147 3.30778108632856 0.642402022189193 2.65028386768565 0.479477618954245 NA
"39" "2017-03-04" 190 98 90 3.26848663075895 0.565441458320311 2.62834302347594 0.457330835414038 NA
"38" "2017-02-25" 308 154 154 3.19155788469205 0.59987340561744 2.6167947030082 0.421307874479196 NA
"37" "2017-02-18" 272 148 118 3.2410646721979 0.557423905019672 2.70149706696049 0.451437326874096 NA
"36" "2017-02-11" 262 93 166 3.20655402870512 0.560644626768029 2.43697252106927 0.388752091949832 NA
"35" "2017-02-04" 292 151 134 3.30306353830466 0.558494367793311 2.71534657824875 0.444905954227235 NA
"34" "2017-01-28" 268 157 110 3.23619023184866 0.540400270519933 2.74646196735465 0.441183488574349 NA
"33" "2017-01-21" 283 140 135 3.2723250144498 0.586817705631 2.68138906271306 0.427911394576879 NA
"32" "2017-01-14" 305 167 129 3.15305926957308 0.603408019177684 2.62243334974631 0.433269500540583 NA
"31" "2017-01-07" 244 125 114 3.29724643456975 0.608287621162544 2.73527559126079 0.426718966925529 NA
"30" "2016-12-31" 235 136 95 3.34448913659407 0.549392296577115 2.80561482967538 0.444146630867145 NA
"29" "2016-12-24" 203 122 77 3.13230086076082 0.630391425611136 2.76007568240141 0.49619467278176 NA
"28" "2016-12-17" 132 79 50 3.35163120620568 0.616638843071741 2.95023345575928 0.4081235908945 NA
"27" "2016-12-10" 175 94 72 3.23307381975018 0.538502665369734 2.80190261679354 0.429335588657275 NA
"26" "2016-11-26" 196 118 76 3.37949305767222 0.593491013237047 2.66620093210718 0.435443140564188 NA
"25" "2016-11-19" 210 116 92 3.14025200147235 0.607863127287798 2.61557441270677 0.514081953955926 NA
"24" "2016-11-12" 193 102 86 3.31603294044294 0.570677391497681 2.81991566355042 0.416137760030697 NA
"23" "2016-11-05" 256 137 110 3.45928816816838 0.612396178930405 2.87339340009907 0.526086144248163 NA
"22" "2016-10-29" 233 133 94 3.36337640097575 0.665898637023162 2.74646346081008 0.49837232468205 NA
"21" "2016-10-22" 225 132 92 3.45144876973874 0.587905127316072 2.77102798485485 0.483360949077426 NA
"20" "2016-10-15" 234 121 102 3.33072523822545 0.521829156602971 2.7104282081994 0.483971372879167 NA
"19" "2016-10-08" 337 149 167 3.16584427434549 0.551276019898121 2.68125906170121 0.423705914187935 NA
"18" "2016-10-01" 176 106 63 3.28366791469961 0.542445522679511 2.92122477060645 0.440562669737528 NA
"17" "2016-09-24" 188 107 75 3.51868515051876 0.606252577103941 2.85258415522729 0.47438709910913 NA
"16" "2016-09-17" 231 114 105 3.46649864132298 0.630862340191839 2.74987782937609 0.485842838325338 NA
"15" "2016-09-10" 175 103 68 3.3786523198301 0.579348035427495 2.90108342037689 0.475267305595773 NA
"14" "2016-09-03" 178 103 72 3.36352745199292 0.543913587676493 2.71138374715458 0.414333659338235 NA
"13" "2016-08-27" 274 166 96 3.35864532851475 0.584474116669399 2.78945077748704 0.465325952411585 NA
"12" "2016-08-20" 173 87 76 3.34007956139519 0.582404713386786 2.85074151156139 0.57144688584201 NA
"11" "2016-08-13" 176 114 53 3.38638965373883 0.639852983685022 2.93092488649823 0.463069218215506 NA
"10" "2016-08-06" 316 172 125 3.36558385512382 0.594714625756947 2.7916356257246 0.514977465638928 NA
"9" "2016-07-30" 233 131 90 3.38594433834403 0.586743046715395 2.72741436588389 0.471315941112679 NA
"8" "2016-07-23" 186 102 71 3.29854648417141 0.62351946749135 2.75861841402828 0.497035482736533 NA
"7" "2016-07-16" 339 194 132 3.31511896122127 0.523026517586529 2.80078732584273 0.502451930377441 NA
"6" "2016-07-09" 358 217 130 3.39223570931695 0.564928710223621 2.84836434167445 0.488736387993801 NA
"5" "2016-07-02" 194 113 69 3.36367882733559 0.596444357134801 2.94249294154005 0.516701354580118 NA
"4" "2016-06-25" 285 161 105 3.36111488054795 0.643505670756772 2.78356759793281 0.512983251185956 NA
"3" "2016-06-18" 287 162 117 3.45170067015621 0.604698710294994 2.85777986010214 0.486499714534269 NA
"2" "2016-06-11" 255 141 103 3.37787976187359 0.675890231230893 2.79409885775207 0.448218664343632 NA
"1" "2016-06-04" NA NA NA NA NA NA NA NA
