"date" "athletes" "maleAthletes" "femaleAthletes" "maleSpeedMean" "maleSpeedSD" "femaleSpeedMean" "femaleSpeedSD"
"337" "2019-02-16" NA NA NA NA NA NA NA
"336" "2019-02-09" NA NA NA NA NA NA NA
"335" "2019-02-02" NA NA NA NA NA NA NA
"334" "2019-01-26" NA NA NA NA NA NA NA
"333" "2019-01-12" NA NA NA NA NA NA NA
"332" "2019-01-05" NA NA NA NA NA NA NA
"331" "2019-01-01" NA NA NA NA NA NA NA
"330" "2018-12-29" NA NA NA NA NA NA NA
"329" "2018-12-22" NA NA NA NA NA NA NA
"328" "2018-12-15" NA NA NA NA NA NA NA
"327" "2018-12-08" NA NA NA NA NA NA NA
"326" "2018-12-01" NA NA NA NA NA NA NA
"325" "2018-11-24" NA NA NA NA NA NA NA
"324" "2018-11-17" NA NA NA NA NA NA NA
"323" "2018-11-10" NA NA NA NA NA NA NA
"322" "2018-11-03" NA NA NA NA NA NA NA
"321" "2018-10-27" NA NA NA NA NA NA NA
"320" "2018-10-20" NA NA NA NA NA NA NA
"319" "2018-10-13" NA NA NA NA NA NA NA
"318" "2018-10-06" NA NA NA NA NA NA NA
"317" "2018-09-29" NA NA NA NA NA NA NA
"316" "2018-09-22" NA NA NA NA NA NA NA
"315" "2018-09-15" NA NA NA NA NA NA NA
"314" "2018-09-08" NA NA NA NA NA NA NA
"313" "2018-09-01" NA NA NA NA NA NA NA
"312" "2018-08-25" NA NA NA NA NA NA NA
"311" "2018-08-18" NA NA NA NA NA NA NA
"310" "2018-08-11" NA NA NA NA NA NA NA
"309" "2018-08-04" NA NA NA NA NA NA NA
"308" "2018-07-28" NA NA NA NA NA NA NA
"307" "2018-07-21" NA NA NA NA NA NA NA
"306" "2018-07-14" NA NA NA NA NA NA NA
"305" "2018-06-30" NA NA NA NA NA NA NA
"304" "2018-06-23" NA NA NA NA NA NA NA
"303" "2018-06-16" NA NA NA NA NA NA NA
"302" "2018-06-09" NA NA NA NA NA NA NA
"301" "2018-06-02" NA NA NA NA NA NA NA
"300" "2018-05-26" NA NA NA NA NA NA NA
"299" "2018-05-19" NA NA NA NA NA NA NA
"298" "2018-05-12" NA NA NA NA NA NA NA
"297" "2018-05-05" NA NA NA NA NA NA NA
"296" "2018-04-28" NA NA NA NA NA NA NA
"295" "2018-04-21" NA NA NA NA NA NA NA
"294" "2018-04-14" NA NA NA NA NA NA NA
"293" "2018-04-07" NA NA NA NA NA NA NA
"292" "2018-03-31" NA NA NA NA NA NA NA
"291" "2018-03-24" NA NA NA NA NA NA NA
"290" "2018-03-17" NA NA NA NA NA NA NA
"289" "2018-03-10" NA NA NA NA NA NA NA
"288" "2018-02-24" NA NA NA NA NA NA NA
"287" "2018-02-17" NA NA NA NA NA NA NA
"286" "2018-02-10" NA NA NA NA NA NA NA
"285" "2018-02-03" NA NA NA NA NA NA NA
"284" "2018-01-27" NA NA NA NA NA NA NA
"283" "2018-01-13" NA NA NA NA NA NA NA
"282" "2018-01-06" NA NA NA NA NA NA NA
"281" "2017-12-23" NA NA NA NA NA NA NA
"280" "2017-12-16" NA NA NA NA NA NA NA
"279" "2017-12-09" NA NA NA NA NA NA NA
"278" "2017-12-02" NA NA NA NA NA NA NA
"277" "2017-11-25" NA NA NA NA NA NA NA
"276" "2017-11-18" NA NA NA NA NA NA NA
"275" "2017-11-11" NA NA NA NA NA NA NA
"274" "2017-10-28" NA NA NA NA NA NA NA
"273" "2017-10-21" NA NA NA NA NA NA NA
"272" "2017-10-14" NA NA NA NA NA NA NA
"271" "2017-10-07" NA NA NA NA NA NA NA
"270" "2017-09-30" NA NA NA NA NA NA NA
"269" "2017-09-23" 415 223 174 3.30164166853782 0.625256958253418 2.76565534400005 0.49519508358327
"268" "2017-09-16" 459 239 191 3.32582888379178 0.580284984623328 2.77789712452746 0.44289230071978
"267" "2017-09-09" 373 184 175 3.31268047149784 0.667204115369955 2.63311221596578 0.474898897791139
"266" "2017-09-02" 337 179 143 3.26135243312195 0.586180307430848 2.72797589319225 0.471240102710703
"265" "2017-08-26" 489 271 184 3.29872131614204 0.655455144835837 2.74477584293212 0.475201581051625
"264" "2017-08-19" 349 180 145 3.39833066753699 0.601141640768815 2.78537699513507 0.491423279431017
"263" "2017-08-12" 266 135 113 3.3337419669406 0.560710942578117 2.85636752056575 0.442936166481948
"262" "2017-08-05" 332 174 141 3.39943904306211 0.610924186566339 2.81764572076923 0.455365116146935
"261" "2017-07-29" 342 190 135 3.36854044491987 0.590995855857401 2.76171395374522 0.440766806045134
"260" "2017-07-22" 292 157 123 3.25497692432903 0.689139162506103 2.81205355375684 0.428926067851373
"259" "2017-07-15" 402 220 159 3.41565425989387 0.665414788933824 2.74305729023609 0.491649299752484
"258" "2017-07-08" 381 201 154 3.31896478981408 0.645103870330226 2.79234597686747 0.47679495112518
"256" "2017-07-01" 343 197 127 3.29147102476433 0.650039331502399 2.81027117910291 0.52395507154769
"257" "2017-06-17" 267 150 109 3.35582799660349 0.611892624738315 2.83395562767172 0.500108390135493
"255" "2017-06-10" 252 145 88 3.3394673610095 0.557968424357203 2.820072572757 0.489376439070201
"254" "2017-06-03" 388 220 148 3.44207971938885 0.604908520260712 2.99172728732437 0.561841024927998
"253" "2017-05-27" 324 182 124 3.25533397504352 0.629324155810346 2.81890770457255 0.519227964238066
"252" "2017-05-20" 390 198 170 3.35839850490783 0.562238037710292 2.86933196361438 0.437055411526033
"251" "2017-05-13" 352 175 157 3.42109882083516 0.609741120822835 2.81277023162274 0.424433838430592
"250" "2017-05-06" 372 194 160 3.3691499596026 0.57114746292267 2.91630815420376 0.466098880442868
"249" "2017-04-29" 354 177 160 3.37020642127806 0.624115398485106 2.88822841771287 0.484190055349628
"248" "2017-04-22" 342 177 148 3.37315372881498 0.634221210115648 2.85280304916734 0.464161713559129
"247" "2017-04-15" 398 215 161 3.36559059708506 0.619569641167649 2.86551911273844 0.522672535186257
"246" "2017-04-08" 297 163 120 3.38167336683597 0.637444110026303 2.83196654358671 0.446844751432871
"245" "2017-04-01" 356 195 147 3.39172970998771 0.612587563124298 2.86693007473378 0.511186153194439
"244" "2017-03-25" 383 184 172 3.36097195163675 0.575722752200069 2.8507082766313 0.519241410546254
"243" "2017-03-18" 263 128 121 3.21554924595799 0.532702107527143 2.85207670176348 0.456447240353888
"242" "2017-03-11" 299 150 133 3.37436020188662 0.572111445210413 2.87691586562596 0.449520109091721
"241" "2017-03-04" 290 163 122 3.31145707211923 0.567102319138535 2.71221041906631 0.435290193592615
"240" "2017-02-25" 262 138 116 3.34969524262428 0.487484972135923 2.77405333484995 0.464178936450182
"239" "2017-02-18" 322 168 140 3.27289182204874 0.546082510557481 2.80485655181018 0.433419701566537
"238" "2017-02-11" 178 101 66 3.38480634918775 0.546904676184925 2.8152530806497 0.333664580898791
"237" "2017-02-04" 261 146 98 3.2192805931821 0.575621205788548 2.70841793161582 0.459703387898322
"236" "2017-01-28" 244 135 101 3.2340482197348 0.581077867785375 2.77456015407363 0.422643666506701
"235" "2017-01-21" 296 179 106 3.31406307118194 0.620873681892843 2.94244812758711 0.472993027716766
"234" "2017-01-14" 220 133 81 3.27870678702255 0.517192698854563 2.8330969251637 0.453076509256462
"233" "2017-01-07" 262 131 117 3.17036890319182 0.560964095755732 2.69591771599648 0.39291713974829
"232" "2017-01-01" 215 130 79 3.35913087191222 0.615630905152888 2.82268878416778 0.520980468762064
"231" "2016-12-31" 317 169 135 3.26995823698339 0.615175838419623 2.87237899559004 0.431955650075364
"230" "2016-12-24" 364 195 153 3.30275506876314 0.574977471641602 2.88042910172333 0.496889495948683
"229" "2016-12-17" 160 94 60 3.47506603017008 0.54541789590585 3.01622475096773 0.420479054857607
"228" "2016-12-10" 176 97 71 3.28146051304023 0.58097060977864 2.92848321676709 0.507441689988
"227" "2016-12-03" 221 124 91 3.45235493038454 0.593524891480334 2.9137420156773 0.483355832644498
"226" "2016-11-26" 136 90 43 3.34161635993483 0.53890294505343 2.87722448487434 0.380017659756111
"225" "2016-11-19" 219 112 93 3.20713476054264 0.636369055657876 2.62345327496242 0.476584732591784
"224" "2016-11-12" 274 146 118 3.23020156574838 0.567401406489133 2.69680450173164 0.468302682317621
"223" "2016-11-05" 237 131 95 3.33602233979542 0.49875102371895 2.86722754366248 0.472594003928856
"222" "2016-10-29" 318 167 136 3.35641667106597 0.612119413659843 2.82054838595857 0.520727795424088
"221" "2016-10-22" 250 156 90 3.40552450599569 0.616885163787145 2.92127640215452 0.531723257581258
"220" "2016-10-15" 208 110 83 3.4346823069798 0.503185444909725 3.01921721632262 0.497609960060307
"219" "2016-10-08" 256 139 106 3.39652120528395 0.599993977734977 2.9206985847805 0.435127455147224
"218" "2016-10-01" 196 105 85 3.27032944375386 0.576054475835185 2.79686033630662 0.445977858964917
"217" "2016-09-24" 303 180 117 3.31997482124725 0.596866347781457 2.83749326736454 0.509629938990364
"216" "2016-09-17" 269 163 98 3.35885662899352 0.639071104970071 2.81472448726209 0.551523193304907
"215" "2016-09-10" 214 118 90 3.36072189018082 0.595487449841882 2.88065624560229 0.457831404652512
"214" "2016-09-03" 232 131 97 3.29714693734719 0.54538258322504 2.9117296096003 0.454288262976207
"213" "2016-08-27" 289 161 118 3.39865044673256 0.572117855790678 2.95313044794547 0.501163854143805
"212" "2016-08-20" 218 121 87 3.34673672287787 0.556370252701414 3.01809370169868 0.464583193136284
"211" "2016-08-13" 228 124 88 3.46837586232029 0.576255645212279 2.9474836590431 0.45587236156696
"210" "2016-08-06" 254 144 98 3.46204195112835 0.575184880032207 2.92984027908342 0.524814528018209
"209" "2016-07-30" 250 135 111 3.41068644504109 0.590794085748322 2.86940511286961 0.50545670895976
"208" "2016-07-23" 215 124 82 3.36745328547479 0.5900558786859 2.81593147063793 0.425259843463142
"207" "2016-07-16" 271 135 121 3.34992029763911 0.61253921869056 2.83116319360471 0.512998534607454
"206" "2016-07-09" 354 213 131 3.47489139156393 0.652746446671673 2.96646667322079 0.501265904781718
"205" "2016-07-02" 234 137 91 3.40039532537393 0.571501250728242 2.93133275107545 0.506566855709863
"204" "2016-06-25" 243 149 82 3.41285888904177 0.571554996773589 2.83986467113472 0.430738757511963
"203" "2016-06-18" NA NA NA NA NA NA NA
"202" "2016-06-11" NA NA NA NA NA NA NA
"201" "2016-06-04" NA NA NA NA NA NA NA
"200" "2016-05-21" NA NA NA NA NA NA NA
"199" "2016-05-14" 314 165 136 3.38318281465746 0.621181613944337 2.78355853823693 0.55360937268179
"198" "2016-05-07" 285 160 114 3.49133916955884 0.653847021106086 2.84437902236614 0.533948207319716
"197" "2016-04-30" 223 117 94 3.38143604746019 0.551317791256075 2.85184918769448 0.527097045393202
"196" "2016-04-23" 247 131 110 3.44759778664934 0.627766983812202 2.86142268961178 0.559580698678056
"195" "2016-04-16" 230 136 85 3.35556207826044 0.54543766114606 2.87020687095697 0.511374506349154
"194" "2016-04-09" 275 152 111 3.40669400584562 0.638034387345187 2.8605926437572 0.54095838831565
"193" "2016-04-02" 272 138 122 3.25901424672253 0.618114180991223 2.92257612615841 0.530315866458059
"192" "2016-03-26" 290 188 97 3.36883452478672 0.56394798423451 3.00457871145803 0.489489165103451
"191" "2016-03-19" 237 131 100 3.22947381507365 0.59460685527031 2.73600338052686 0.494802559890429
"190" "2016-03-12" 231 137 91 3.46771351981092 0.614617385831217 3.00394950244436 0.530787646490316
"189" "2016-03-05" 223 132 88 3.29574753406974 0.51309064671096 2.87498004850677 0.455988783461696
"188" "2016-02-27" 232 136 85 3.38784482359814 0.55762628684062 2.89703000807105 0.476896844081949
"187" "2016-02-20" 169 99 61 3.39948277932363 0.478775576776215 2.87133059626314 0.488844369086567
"186" "2016-02-13" 231 134 89 3.39992682828038 0.541744748719239 2.96382450548935 0.47270320271055
"185" "2016-02-06" 282 150 117 3.27736406064535 0.591348867875093 2.72965147700892 0.438341165590854
"184" "2016-01-30" 229 141 80 3.43843734862896 0.511184778757421 2.91946953497552 0.467473447831497
"183" "2016-01-23" 228 132 92 3.27390633930435 0.609787809109704 2.92478279687232 0.527738487946047
"182" "2016-01-16" 163 104 56 3.28853465697694 0.529636494368643 2.98174198552272 0.321316213824601
"181" "2016-01-09" 233 128 99 3.5336443355251 0.583035927417217 3.13433881270131 0.562361240356694
"180" "2016-01-02" 174 108 60 3.36790178433574 0.629838014787023 2.93023555336204 0.543517587854819
"179" "2016-01-01" 179 119 57 3.34425887638772 0.648991705147427 2.90871874879243 0.517810775610985
"178" "2015-12-26" 152 91 53 3.48133833848901 0.581405856717008 3.05494706391965 0.531045971288582
"177" "2015-12-19" 152 91 52 3.35186303043481 0.599494244039233 2.91247137146619 0.522907802466538
"176" "2015-12-12" 104 59 37 3.34603949992524 0.617886195186338 2.99353231695602 0.426768702230756
"175" "2015-12-05" 85 61 22 3.50033462991916 0.59968470706283 2.98342853706026 0.460173543717002
"174" "2015-11-28" 140 88 43 3.45017978670678 0.613743049184818 2.92598292149597 0.509291343255871
"173" "2015-11-21" 122 78 40 3.25799507810794 0.582873089876337 2.83688412817587 0.388851341030704
"172" "2015-11-14" 193 121 63 3.37500017112135 0.551484586647362 2.93653974517577 0.456012427333153
"171" "2015-11-07" 177 97 77 3.35350053701638 0.613992356027071 2.85883198743786 0.508905608087542
"170" "2015-10-31" 270 154 104 3.38245807303572 0.596503196548533 2.86221991473574 0.495533506307677
"169" "2015-10-24" 263 157 101 3.43843536535101 0.582972628833762 2.89298973914418 0.528128927761827
"168" "2015-10-17" 224 138 82 3.54024829700166 0.644744233991773 2.90347812472085 0.504950955703522
"167" "2015-10-10" 206 121 77 3.28693548309354 0.537386066598895 2.86168651072111 0.528508982060353
"166" "2015-10-03" 215 109 94 3.4113152871178 0.63142422010185 2.97316809772335 0.478735768404489
"165" "2015-09-26" 195 106 83 3.38690039730715 0.569859457645651 2.87414825468947 0.4827264398587
"164" "2015-09-19" 234 126 103 3.48384577009045 0.6555213395312 2.95968285208667 0.53168048530261
"163" "2015-09-12" 163 103 48 3.54473967956025 0.695713101390582 2.80556285778974 0.552632967656538
"162" "2015-09-05" 241 151 85 3.4850195239612 0.613935781301606 2.87715774872799 0.464855766930197
"161" "2015-08-29" 196 118 70 3.46664849286815 0.623711544695578 2.91917520067061 0.471345253297084
"160" "2015-08-22" 226 132 83 3.44240588693321 0.590604221606228 2.92349256168259 0.51397715120134
"159" "2015-08-15" 216 140 72 3.50916067175377 0.61203015781019 2.97225823200095 0.550359099554257
"158" "2015-08-08" 219 135 79 3.53573133061371 0.548320523891881 2.90269332619725 0.507589134005934
"157" "2015-08-01" 273 171 95 3.46774339657732 0.606575283178658 2.96229375305799 0.549001187406695
"156" "2015-07-25" 201 119 76 3.43544798401115 0.554883566652976 2.88382720158482 0.495598993893847
"155" "2015-07-18" 196 122 64 3.3462167762858 0.625271708121132 2.81411920378011 0.412534659155614
"154" "2015-07-11" 340 198 125 3.44435818792897 0.625248895312128 2.88296283575005 0.543229490907183
"153" "2015-07-04" 167 109 50 3.49597628879235 0.658085175027815 3.04281815450818 0.52877750295833
"152" "2015-06-27" 322 189 114 3.46721513534858 0.645382202438724 2.89572470606276 0.415115253292039
"151" "2015-06-13" 262 153 102 3.3973693165662 0.622472443664841 2.87537044443588 0.501020373200143
"150" "2015-06-06" 262 159 92 3.48103723196902 0.611970226123053 2.8889108509038 0.484969724973956
"149" "2015-05-30" 208 114 83 3.46060163369623 0.643678458027992 2.9048431067559 0.526935742940038
"148" "2015-05-23" 279 174 96 3.48454119325829 0.598401362909359 2.74686904567509 0.526531846765372
"147" "2015-05-16" 208 121 77 3.39630045909402 0.604442138417523 2.90968635528656 0.489487266367788
"146" "2015-05-09" 201 134 64 3.48897142787721 0.564345671860093 3.00923874167025 0.477961784649408
"145" "2015-05-02" 264 179 75 3.53369799097826 0.515787700331882 3.11603783914542 0.480667655096933
"144" "2015-04-25" 254 138 104 3.41050223447071 0.551138871263547 2.95412501872405 0.469781888142595
"143" "2015-04-18" 301 183 114 3.45875163720284 0.615042148478889 2.93933613112921 0.491703082631943
"142" "2015-04-11" 220 123 88 3.31907741167004 0.557596063597425 2.96274202530785 0.521525241785079
"141" "2015-04-04" 241 142 93 3.39468052261667 0.587504304318667 2.91316644904827 0.511381731378288
"140" "2015-03-28" 209 127 69 3.42409046912853 0.598948323911651 2.97947890296137 0.536174046179111
"139" "2015-03-21" 224 131 85 3.44996927031011 0.601720902339942 2.95766840725315 0.478666002328108
"138" "2015-03-14" 207 116 86 3.40287597803285 0.634146430039612 2.72454479336153 0.481415216629431
"137" "2015-03-07" 207 120 80 3.40782070466272 0.640741451352982 2.92584371603588 0.611887005163715
"136" "2015-02-28" 223 133 85 3.36524030239532 0.592488501080399 2.76906849799992 0.480382303059235
"135" "2015-02-21" 224 124 92 3.23788679330505 0.625989417589438 2.77353691618552 0.579518060859203
"134" "2015-02-14" 204 116 77 3.33799788229989 0.630511413508304 2.83418181639196 0.607035596480052
"133" "2015-02-07" 174 112 57 3.48171751307593 0.684444246975471 2.85941538421259 0.569869334478324
"132" "2015-01-24" 195 121 69 3.27295885804304 0.524456516229799 2.85792735933058 0.507633754000799
"131" "2015-01-17" 206 114 88 3.21694637417597 0.600096818096854 2.77486793256138 0.48431502393688
"130" "2015-01-10" 134 84 48 3.35589090890071 0.482575098149496 2.80713333989358 0.482030673335837
"129" "2015-01-03" 278 164 104 3.44011518171213 0.584559061170828 3.01885800004289 0.543218530280558
"128" "2015-01-01" 151 93 55 3.40775262861067 0.629383052201348 2.99666893684819 0.423094815018006
"127" "2014-12-27" 125 78 45 3.41789938717155 0.599211961645934 3.03943803711807 0.508392600210065
"126" "2014-12-20" 132 82 43 3.53746744149114 0.582673043461026 3.00350415860426 0.546967014600038
"125" "2014-12-13" 87 58 26 3.40897468416589 0.534961348440987 3.00188371013187 0.447821134263845
"124" "2014-12-06" 128 88 34 3.49509611533678 0.539358149646693 2.99950832277563 0.503481363447134
"123" "2014-11-29" 133 85 43 3.41401871785051 0.610801375303085 2.91833765575445 0.544954608699271
"122" "2014-11-22" 127 87 38 3.38023367000314 0.635255040431558 3.12405498260214 0.478955287950147
"121" "2014-11-15" 155 94 52 3.46220943672073 0.630438387395096 3.04041797571301 0.442261162014362
"120" "2014-11-08" 145 92 46 3.48977512310034 0.666995497588382 3.0603583130921 0.382502582656383
"119" "2014-11-01" 187 112 65 3.52388114300505 0.555428193375901 2.90328711899651 0.487520239423132
"118" "2014-10-25" 176 105 65 3.31990578706317 0.598429000647141 2.82835611445331 0.480808979761877
"117" "2014-10-18" 170 100 61 3.3635116134108 0.57538681013137 2.91838964477391 0.470686783191466
"116" "2014-10-11" 154 95 51 3.38133573757813 0.5862217689466 2.86528316548983 0.429440010103863
"115" "2014-10-04" 120 74 45 3.52296765569578 0.578617393244443 3.11939741799477 0.527659322751784
"114" "2014-09-27" 168 108 55 3.47803794678497 0.566365032870443 2.89293333738069 0.462858954969677
"113" "2014-09-20" 152 104 47 3.44353612827111 0.588721003888839 2.97777089978284 0.461503933330846
"112" "2014-09-13" 181 103 72 3.37178373016767 0.592826862554986 2.96768836980971 0.505831309977346
"111" "2014-09-06" 136 87 45 3.48813985395183 0.596009819030273 2.88163504933489 0.451855983867126
"110" "2014-08-30" 178 104 71 3.40707270679179 0.613903427961679 2.85426976580258 0.496819848680678
"109" "2014-08-23" 153 93 55 3.58895246999632 0.627465556965891 3.11231872309426 0.540670651893033
"108" "2014-08-16" 144 93 47 3.4157924773279 0.638768089492458 2.86289656467273 0.528102382709509
"107" "2014-08-09" 145 91 52 3.42682739948464 0.66847237511199 2.97899101010409 0.526421844223823
"106" "2014-08-02" 139 92 42 3.50704604967929 0.596962339814186 2.93312606036984 0.401373289774919
"105" "2014-07-26" 144 99 43 3.56176226560046 0.634493416798186 2.94867174699259 0.492092165883166
"104" "2014-07-19" 133 86 42 3.57005265667436 0.562266735055424 2.94720210878779 0.531134575461861
"103" "2014-07-12" 216 143 68 3.46677031265446 0.560835877492033 3.00914297714454 0.43905622784781
"102" "2014-07-05" 110 79 31 3.51575146284638 0.59023190006215 3.03933670476054 0.543956749083075
"101" "2014-06-28" 165 114 45 3.5500392238283 0.593901818184713 3.2163330481369 0.527490604474873
"100" "2014-06-21" 210 136 72 3.45928194610482 0.608571520295865 2.98037363231591 0.456643395964662
"99" "2014-06-14" 154 107 44 3.52275309252837 0.623711342882866 3.00208211631765 0.460048025128215
"98" "2014-06-07" 173 112 55 3.4697139384441 0.616546613167771 2.85937002383445 0.532953177217965
"97" "2014-05-31" 151 95 50 3.61619953930446 0.57701474250451 3.04231626502091 0.607546789294784
"96" "2014-05-24" 146 106 36 3.55906750195577 0.623637412424548 3.09623698173336 0.52127146582884
"95" "2014-05-17" 172 99 60 3.44535324126452 0.607247333701743 3.05982390762516 0.617627057529586
"94" "2014-05-10" 109 63 37 3.52544797510376 0.593620584068856 3.06660970987675 0.54134536290516
"93" "2014-05-03" 163 91 64 3.36263180959986 0.666548711511292 3.04173419372926 0.550899582613199
"92" "2014-04-26" 152 90 59 3.4592764640961 0.632496527364332 2.99494553641499 0.516433958494576
"91" "2014-04-19" 128 76 50 3.5334795504915 0.683799808444641 3.06566710519021 0.470486679186285
"90" "2014-04-12" 152 94 53 3.53517530653069 0.650497628595351 2.86130507042022 0.454907357556233
"89" "2014-04-05" 146 87 54 3.466808904446 0.642036688752682 2.93795097233153 0.525183078621149
"88" "2014-03-29" 147 94 48 3.39684220769747 0.623345477108407 2.83787617096387 0.497035985246747
"87" "2014-03-22" 145 86 52 3.30681139131115 0.525069425720609 2.7681323521483 0.493247219022331
"86" "2014-03-15" 142 96 44 3.68655188154813 0.589853571388445 2.97360171933325 0.414938297203293
"85" "2014-03-08" 109 68 39 3.54154183528649 0.65929757967352 2.95031986603994 0.474162846956079
"84" "2014-03-01" 130 83 47 3.35571667418578 0.561558540962888 2.9093115251156 0.488193820065657
"83" "2014-02-22" 101 63 37 3.48884910359629 0.533153415843063 2.9151752136971 0.471097108388796
"82" "2014-02-15" 112 72 37 3.22898921461681 0.570587794171622 2.65238543043999 0.449566652753338
"81" "2014-02-08" 128 81 43 3.25166579764339 0.485801304549062 2.64864216297663 0.418305063627112
"80" "2014-02-01" 128 92 33 3.38446859982096 0.590109321154493 2.95164572869192 0.650020034195713
"79" "2014-01-25" 130 81 46 3.38769881419107 0.615764579182638 3.04327489650325 0.452499896862036
"78" "2014-01-18" 123 79 38 3.38930176209303 0.676490582970563 3.04428984208591 0.420461268901712
"77" "2014-01-11" 141 91 46 3.40403172304096 0.592777188266039 2.79200795072011 0.44652024398524
"76" "2014-01-04" 139 87 45 3.4764048059884 0.530918297623411 2.96991017532312 0.512275891653821
"75" "2013-12-28" 80 50 24 3.37951827116856 0.530821159301834 2.88420551168426 0.474796359218112
"74" "2013-12-21" 69 46 22 3.34263426924519 0.521437649721707 3.02387224772944 0.389096626755181
"73" "2013-12-14" 59 43 15 3.56579876553974 0.62206063391078 2.87598737259679 0.320164465765945
"72" "2013-12-07" 96 64 26 3.4610821635068 0.612155837639149 3.19213111972958 0.50275764301976
"71" "2013-11-30" 89 67 21 3.60616124928829 0.686807379558259 3.16046397387765 0.422458336155086
"70" "2013-11-23" 92 59 31 3.50107080233981 0.506638707115859 2.93085434706621 0.397389363638713
"69" "2013-11-16" 121 77 42 3.52531554730025 0.608755053562896 3.14941899719919 0.488040229233696
"68" "2013-11-09" 105 65 35 3.57646884680929 0.515151528122538 3.12469441039901 0.406078176989004
"67" "2013-11-02" 109 72 36 3.52915864793651 0.55220399812291 3.03536149605424 0.433363658383573
"66" "2013-10-26" 103 68 33 3.16997596023073 0.508396271058079 2.78307189179431 0.337519764220929
"65" "2013-10-19" 136 85 43 3.55017432133739 0.573388722345202 3.0143923273645 0.44521638359525
"64" "2013-10-12" 114 67 41 3.63097662655715 0.59913135731931 3.02875473212328 0.475824445386457
"63" "2013-10-05" 119 77 40 3.43664268146341 0.552230708390932 2.95002819689024 0.563242526618388
"62" "2013-09-28" 92 57 34 3.36271910413312 0.560835614967523 2.7166872900561 0.435304307621686
"61" "2013-09-21" 103 69 28 3.58621133341262 0.58482989752311 2.97054156557096 0.531893566303968
"60" "2013-09-14" 114 80 31 3.57349708574043 0.603329230422901 2.99654020169161 0.555470861074004
"59" "2013-09-07" 113 80 29 3.36949182461547 0.544741559267783 3.00340326435572 0.531329759856965
"58" "2013-08-31" 138 92 42 3.4697044555253 0.625018795990864 2.93243860898657 0.470018244672747
"57" "2013-08-24" 99 63 34 3.61113061554472 0.626950989241713 3.01710471880403 0.512465335110174
"56" "2013-08-17" 117 73 38 3.67941849838729 0.540137903680654 3.01563103162464 0.406025529267906
"55" "2013-08-03" 127 84 35 3.42874072758557 0.586882458024349 3.04264762752884 0.493204750081523
"54" "2013-07-27" 122 81 36 3.47156221578633 0.541140896354693 3.00183290370539 0.532510741384636
"53" "2013-07-20" 106 73 32 3.63401671234426 0.599334770246451 2.98087478652213 0.500531290019579
"52" "2013-07-13" 181 114 61 3.42908509529043 0.622513778163376 2.71720205731963 0.394995414312031
"51" "2013-07-06" 113 76 36 3.54004716110001 0.603553593897449 3.17365233597452 0.550323689209122
"50" "2013-06-29" 94 58 36 3.62912748789777 0.546331329737693 3.09272478961355 0.537923079809485
"49" "2013-06-22" 106 57 40 3.4169745565699 0.571051662695014 3.01920578602698 0.491790313157432
"48" "2013-06-15" 119 75 40 3.56015897340308 0.526381285357587 3.01057140892426 0.54254011659201
"47" "2013-06-08" 111 71 40 3.50450946831657 0.59992291621137 2.94361770346528 0.509938614627921
"46" "2013-06-01" 98 61 31 3.62276937508966 0.555033719164163 3.00292691030333 0.626673907555132
"45" "2013-05-25" 110 67 42 3.55018872952796 0.562979512244853 2.96599913551811 0.492227602615981
"44" "2013-05-18" 71 45 23 3.57120755973047 0.583446777834905 2.94434278019923 0.467947441849571
"43" "2013-05-11" 124 74 47 3.5406894293381 0.488781320187484 3.03912932320297 0.567991302490652
"42" "2013-05-04" 134 69 59 3.43917960637263 0.618309058988027 3.02480109480223 0.373072371768581
"41" "2013-04-27" 88 49 36 3.44048409924274 0.546434421395141 2.83183717603028 0.510431380437833
"40" "2013-04-20" 118 62 53 3.34013472261028 0.60554178886106 2.90217074710873 0.537704389193952
"39" "2013-04-13" 139 78 55 3.52991279038053 0.582098447904573 2.88375702334148 0.602986253711864
"38" "2013-04-06" 105 57 46 3.3187906565339 0.569048215507756 2.8977034518168 0.531131042762589
"37" "2013-03-30" 95 62 32 3.38385171621593 0.662073232580886 2.86420107336571 0.610334266485493
"36" "2013-03-23" 68 43 25 3.32639370524982 0.552674870289709 2.90565948312365 0.475102904132495
"35" "2013-03-16" 100 59 36 3.44443794845384 0.55986745505857 2.82687407246131 0.571689112513704
"34" "2013-03-09" 95 56 39 3.67339549162008 0.551957517004396 2.62118550139681 0.592155207376859
"33" "2013-03-02" 96 53 41 3.59569096617752 0.594396087591522 2.92894144214726 0.610420115814711
"32" "2013-02-23" 51 30 21 3.26691288877265 0.531590469096084 2.65317707135564 0.405102325460291
"31" "2013-02-16" 97 63 32 3.63213678917407 0.473636175655958 3.06101171709043 0.479958104811572
"30" "2013-02-09" 92 50 41 3.50954282884762 0.418915453204529 2.87328727310929 0.517564553321319
"29" "2013-02-02" 112 70 38 3.52984495815279 0.499390544980231 2.79294477926599 0.605827108798616
"28" "2013-01-26" 33 26 7 3.20767456871524 0.463529522469616 2.82818217244829 0.402825661115095
"27" "2013-01-19" 34 25 7 3.21802553038075 0.529883256887258 2.94748467460608 0.435422539697407
"26" "2013-01-12" 85 48 36 3.36302733574952 0.431414197026061 2.66297086908684 0.450062729674859
"25" "2013-01-05" 86 46 40 3.4486957232659 0.447517419290807 2.72254557142771 0.56738316258615
"24" "2012-12-29" 69 38 25 3.12711566860317 0.618673094988517 2.74906160776025 0.4587220032555
"23" "2012-12-22" 27 20 5 3.28183382452223 0.454664852261087 2.85251720923854 0.488857224578306
"22" "2012-12-15" 41 31 9 3.46180885987244 0.482420326729508 2.90599114741936 0.569030663573527
"21" "2012-12-08" 34 25 8 3.24820384051295 0.376113110552454 3.04317043837916 0.358560137883279
"20" "2012-11-24" 67 40 22 3.63994077415738 0.551910996805063 3.08640222293816 0.386471724509724
"19" "2012-11-17" 73 45 27 3.48586522524963 0.437997477389163 2.80014983208386 0.399362509401311
"18" "2012-11-10" 86 50 34 3.54496927673473 0.559754571712743 2.92793214363065 0.445857531608712
"17" "2012-11-03" 87 55 32 3.56569530083119 0.6253981866682 3.00767240080086 0.443718649323565
"16" "2012-10-27" 66 34 30 3.51516896458729 0.656478864785127 2.77728691352774 0.511074164811226
"15" "2012-10-20" 116 68 41 3.57218622297097 0.590282371345195 2.81748220486285 0.483856174399984
"14" "2012-10-13" 87 48 35 3.65539234679946 0.693973923940499 3.02850570785029 0.565768449787891
"13" "2012-10-06" 64 42 20 3.55552574552852 0.570041777517196 2.91843396150873 0.496662942520321
"12" "2012-09-29" 50 27 23 3.25573714452973 0.483352626098348 2.94460237610343 0.558228861516196
"11" "2012-09-22" 86 53 30 3.5326032598671 0.618099260448079 3.07286686123646 0.487668268720116
"10" "2012-09-15" 47 28 16 3.70162905135248 0.453781341523238 3.16298725121438 0.592373495020062
"9" "2012-09-08" 69 42 25 3.54158837633683 0.583784634938244 3.09504902697136 0.71002098900894
"8" "2012-09-01" 63 40 20 3.70907866495141 0.54585051313631 3.33325447887045 0.513055767546338
"7" "2012-08-25" 53 42 9 3.63733855622585 0.552550209906234 3.25672046893489 0.538435335193879
"6" "2012-08-18" 71 45 23 3.51636358342815 0.593288726430745 3.22449548415598 0.617540312251584
"5" "2012-08-11" 63 38 23 3.7616595133262 0.637848143706916 3.22241159930032 0.622869074040762
"4" "2012-08-04" 80 53 26 3.59953590820585 0.675559150751226 2.92505570595674 0.367886729237813
"3" "2012-07-28" 75 41 34 3.86063389577327 0.691706497073557 3.21427772449051 0.592730779477276
"2" "2012-07-21" 55 32 23 3.58710434091797 0.723938327369796 2.90928180773473 0.551802780324359
"1" "2012-07-14" 184 122 59 3.60193675817782 0.687001283898587 3.1064090872889 0.470827195927875
"338" "2019-02-23" 522 256 244 3.33973950844797 0.604164756623674 2.64536588270018 0.509889024778326
"339" "2019-03-02" 514 251 244 3.23267155037609 0.572558719714415 2.6112194682958 0.492528465682792
"340" "2019-03-09" 436 248 171 3.32442532074881 0.647082084511198 2.78999878841358 0.476437392777806
